## 2012-Apr-24 18:06:37 

## disp-2d = 0 
## disp-3d = 0 
## render-all = 0 
## replay = 1 
## dump = 0 
## rand-seed = 1335977829 
## pause = 0 
## verbose = 5 
## map = 1 
## robot = 0 
## camera = 1 
## trigger = 0 
## gps = 0 
## simu = 0 
## export = 0 
## freq = 60 
## shutter = 0 
## heading = 0 
## data-path = /Volumes/luma/dev/byPrefix/PMO/PMO_RTSLAM_001/_originals/run02.cut2.timed 
## config-setup = /Volumes/luma/dev/byPrefix/PMO/PMO_RTSLAM_001/_originals/run03/sequenced/setup.cfg 
## config-estimation = /Volumes/luma/dev/byPrefix/PMO/PMO_RTSLAM_001/_originals/run03/sequenced/estimation.cfg 
## log = result.origconfig.txt 

## Robot 1 
# 1:time	
# 2:absx	3:absy	4:absz	
# 5:x	6:y	7:z	
# 8:qw	9:qx	10:qy	11:qz	
# 12:yaw	13:pitch	14:roll	
# 15:vx	16:vy	17:vz	
# 18:vyaw	19:vpitch	20:vroll	
# 21:sig_x	22:sig_y	23:sig_z	
# 24:sig_qw	25:sig_qx	26:sig_qy	27:sig_qz	
# 28:sig_yaw	29:sig_pitch	30:sig_roll	
# 31:sig_vx	32:sig_vy	33:sig_vz	
# 34:sig_vyaw	35:sig_vpitch	36:sig_vroll	
#time	absx	absy	absz	x	y	z	qw	qx	qy	qz	yaw	pitch	roll	vx	vy	vz	vyaw	vpitch	vroll	sig_x	sig_y	sig_z	sig_qw	sig_qx	sig_qy	sig_qz	sig_yaw	sig_pitch	sig_roll	sig_vx	sig_vy	sig_vz	sig_vyaw	sig_vpitch	sig_vroll	
0	0	0	0	0	0	0	1	0	0	0	0	0	0	0	0	0	0	0	0	0	0	0	0	0	0	0	0	0	0	0.5	0.5	0.5	0.5	0.5	0.5	
0.01000000000199999933	7.37362e-05	0.000140053	0.00010772	7.37362e-05	0.000140053	0.00010772	1	-2.95618e-05	-0.000103422	9.01134e-05	0.000180233	-0.000206839	-5.91423e-05	0.00737362	0.0140053	0.010772	0.0180227	-0.0206844	-0.00591237	0.00426549	0.00410577	0.00423048	0	0.00155487	0.0017858	0.00151734	0.00303467	0.00357162	0.00310972	0.471109	0.456698	0.467942	0.363445	0.409345	0.369736	
0.01999999999680000112	0.000100564	0.000172705	0.00027241	0.000100564	0.000172705	0.00027241	1	-2.27327e-05	-0.000176027	0.000191867	0.000383742	-0.000352046	-4.5533e-05	0.00471444	0.00825021	0.0135428	0.0189308	-0.0172407	-0.00180092	0.00832077	0.00607111	0.008269	7.41971e-07	0.00283256	0.0023519	0.00279472	0.00558941	0.0047037	0.00566518	0.485149	0.385394	0.482736	0.362812	0.329475	0.366213	
0.02999999999880000046	8.0388e-05	2.97746e-05	0.000465697	8.0388e-05	2.97746e-05	0.000465697	1	4.06883e-05	-0.000100985	0.00017804	0.000356071	-0.000201985	8.13405e-05	-0.00254425	-0.00162125	0.0135083	0.00352469	-0.0021985	0.00597368	0.0121943	0.00680216	0.0120968	1.42385e-06	0.0040649	0.00250165	0.00404636	0.00809267	0.00500299	0.00812999	0.49558	0.343869	0.492436	0.369004	0.300642	0.370768	
0.04000000000090000313	-4.75989e-05	2.28254e-05	0.000701156	-4.75989e-05	2.28254e-05	0.000701156	1	9.93086e-05	-0.000112689	0.000195242	0.000390462	-0.000225418	0.000198573	-0.00672956	-0.00120636	0.0164912	0.00138844	-0.00233105	0.00738474	0.0150252	0.00652666	0.0147558	1.08368e-06	0.00497819	0.00241099	0.00487808	0.00975604	0.00482159	0.00995665	0.485354	0.302498	0.469623	0.345904	0.276806	0.365007	
0.05099999999950000085	-4.47762e-05	-0.000144889	0.00108667	-4.47762e-05	-0.000144889	0.00108667	1	0.000255289	-0.000135629	0.000370388	0.000740707	-0.000271447	0.000510478	0.00386642	-0.00637581	0.0188787	0.0227804	-0.00536718	0.0157211	0.0166849	0.00610076	0.0162149	1.36956e-06	0.00549966	0.00229341	0.00534336	0.0106864	0.00458624	0.0109998	0.455895	0.284834	0.436005	0.328245	0.269019	0.349899	
0.06100000000150000018	0.000353184	-0.00048436	0.00137853	0.000353184	-0.00048436	0.00137853	1	0.000414688	-0.000136779	0.000584236	0.00116836	-0.000274043	0.000829217	0.0215734	-0.0125878	0.0183614	0.041811	-0.00729321	0.018134	0.0168586	0.00565144	0.0162302	3.21162e-06	0.00550212	0.00216353	0.00539016	0.0107799	0.00432626	0.011005	0.415594	0.271922	0.399778	0.306975	0.258377	0.320105	
0.07099999999629999503	0.000301684	-0.000451723	0.00121877	0.000301684	-0.000451723	0.00121877	1	0.000342449	-7.43555e-05	0.000703682	0.00140731	-0.000149193	0.000684792	0.00439916	-0.00177275	0.0141563	0.0199833	0.00274223	0.00562358	0.0163912	0.00536046	0.0157124	4.90372e-06	0.00532695	0.00206464	0.0052463	0.0104923	0.00412798	0.0106548	0.382424	0.262759	0.370029	0.290037	0.250376	0.300348	
0.0809999999983000013	0.00044174	-0.000285933	0.0010205	0.00044174	-0.000285933	0.0010205	1	0.000293421	0.000114073	0.000401916	0.0008039	0.000227909	0.000586934	-0.0179462	0.00334263	0.00637248	-0.0295779	0.0210126	0.00741966	0.0157159	0.00518456	0.0147438	4.35771e-06	0.00499467	0.00198747	0.00503345	0.0100666	0.00397446	0.00998972	0.359926	0.258679	0.347178	0.278341	0.247638	0.286507	
0.0910000000002999937	-0.000104875	-0.000109119	0.000681083	-0.000104875	-0.000109119	0.000681083	1	0.000239396	0.000126917	0.000338453	0.000676967	0.000253671	0.000478877	-0.0273842	0.00607313	-0.00212484	-0.0276621	0.00934604	0.0131284	0.0149656	0.00505371	0.0137464	2.00459e-06	0.00467001	0.00194515	0.00481586	0.00963148	0.00388987	0.00934032	0.344948	0.257671	0.332366	0.272032	0.247201	0.279048	
0.1019999999990000017	-0.000386581	-3.27701e-05	0.000415442	-0.000386581	-3.27701e-05	0.000415442	1	0.000134648	5.73056e-05	0.000453219	0.000906454	0.000114489	0.000269348	-0.0127257	0.00435276	-0.000606477	0.00693233	-0.00473968	0.00166051	0.0143086	0.00499375	0.0130066	1.6771e-06	0.00441693	0.00191919	0.00461387	0.00922762	0.00383753	0.0088343	0.339902	0.261357	0.329059	0.272634	0.251388	0.279428	
0.1120000000009999941	0.000190643	-0.000246606	0.000876953	0.000190643	-0.000246606	0.000876953	1	0.000149776	6.0729e-05	0.000501896	0.00100381	0.000121308	0.000299614	0.0134646	-0.00971633	0.0166804	0.0309793	-0.00340176	-0.0130226	0.0137156	0.00496967	0.0124276	2.23245e-06	0.00420935	0.00189243	0.00442364	0.00884719	0.003784	0.00841919	0.335021	0.259559	0.325468	0.266544	0.249049	0.274451	
0.1219999999960000026	0.000477254	-0.000527558	0.00103157	0.000477254	-0.000527558	0.00103157	1	9.6998e-05	7.01295e-05	0.000558332	0.00111668	0.000140151	0.000194074	0.0136472	-0.0179263	0.0120929	0.0217213	-0.000903484	-0.0145599	0.0133342	0.00494001	0.0120407	2.84082e-06	0.00408407	0.00188903	0.00431275	0.00862544	0.00377701	0.00816868	0.332371	0.257954	0.322923	0.265571	0.247603	0.273274	
0.1319999999979999949	0.000403989	-0.000495097	0.00138508	0.000403989	-0.000495097	0.00138508	1	0.000253947	0.000125723	0.000381597	0.000763257	0.000251251	0.000507989	-0.0112891	-0.00503209	0.00868836	-0.0219936	0.00560401	0.00786665	0.0130556	0.0049372	0.0117798	2.80693e-06	0.003998	0.00188684	0.00422989	0.00845963	0.00377323	0.00799636	0.331304	0.257996	0.322546	0.26503	0.247437	0.273022	
0.1419999999999999873	0.000124616	-0.000373256	0.00113001	0.000124616	-0.000373256	0.00113001	1	0.000279769	5.02063e-05	0.000181834	0.000363696	0.000100311	0.000559556	-0.0211289	0.00302929	-0.00569763	-0.0399425	-0.00690458	0.0161863	0.0129194	0.00492333	0.0115664	1.67249e-06	0.00392441	0.00188883	0.00418917	0.00837819	0.00377764	0.00784899	0.331245	0.257355	0.322021	0.265047	0.247269	0.272782	
0.1529999999980000136	0.00011273	-0.000309215	0.00104592	0.00011273	-0.000309215	0.00104592	1	0.000260794	-1.10677e-05	0.000142127	0.000284249	-2.22095e-05	0.000521586	-0.00180033	0.00354211	-0.00206582	-0.0120857	-0.00802052	0.00408235	0.0128235	0.0049069	0.0114495	1.44696e-06	0.00388735	0.001884	0.00416389	0.00832764	0.00376802	0.00777483	0.333943	0.260695	0.324179	0.269977	0.251109	0.276892	
0.163000000000000006	0.000373071	-0.000423546	0.00146278	0.000373071	-0.000423546	0.00146278	1	0.000260663	2.46433e-05	0.000338922	0.000677856	4.911e-05	0.000521344	0.0242081	-0.00394455	0.017573	0.0322104	0.0031464	-0.0115237	0.0127259	0.00488746	0.0113122	1.11913e-06	0.00383581	0.00187179	0.00413095	0.00826177	0.00374322	0.00767193	0.332466	0.25903	0.321777	0.265675	0.248812	0.272693	
0.173000000003000004	0.000523536	-0.000875917	0.00134527	0.000523536	-0.000875917	0.00134527	1	0.000108303	-6.40479e-05	0.000797308	0.0015946	-0.000128269	0.000216504	0.0334737	-0.0266642	0.00369678	0.0716878	-0.0102106	-0.0203117	0.0127189	0.0048849	0.0112584	2.21239e-06	0.00382385	0.00187644	0.00413508	0.00827011	0.00375147	0.00764845	0.332068	0.257731	0.321309	0.265661	0.247667	0.272572	
0.1829999999970000069	0.000809908	-0.00105847	0.00174332	0.000809908	-0.00105847	0.00174332	1	0.000337608	-1.06138e-05	0.000992184	0.00198436	-2.18976e-05	0.000675195	0.0240233	-0.0214958	0.000759999	0.0482785	0.00244039	0.0126979	0.0125824	0.0049102	0.0113236	4.76831e-06	0.00385407	0.00186795	0.00409664	0.00819312	0.00373444	0.00770903	0.330666	0.257881	0.322375	0.265204	0.247244	0.273421	
0.1929999999989999993	0.0016058	-0.00106898	0.00160103	0.0016058	-0.00106898	0.00160103	0.999999	0.000316023	-8.83282e-05	0.0010277	0.00205534	-0.000177306	0.000631863	0.0392901	-0.00863515	-0.00374349	0.0327959	-0.00812127	0.00302658	0.0125412	0.00492496	0.0112765	5.28276e-06	0.00384275	0.00186854	0.00408782	0.0081755	0.00373552	0.00768641	0.330414	0.257656	0.322317	0.265147	0.247233	0.273529	
0.2039999999980000034	0.00279853	-0.00110142	0.00134948	0.00279853	-0.00110142	0.00134948	0.999999	0.000271474	-0.00022909	0.00113542	0.00227072	-0.000458797	0.000542428	0.0671549	-0.00559419	-0.0133316	0.0418982	-0.018122	-0.00278773	0.0126395	0.00497008	0.0113133	5.15512e-06	0.00386032	0.00187097	0.00411873	0.00823735	0.00374015	0.00772164	0.334494	0.261688	0.32625	0.270721	0.251299	0.278626	
0.2139999999999999958	0.00212473	-0.00202011	0.00156621	0.00212473	-0.00202011	0.00156621	0.999998	0.000523652	-0.000391696	0.00213213	0.00426386	-0.000785622	0.00104563	0.0494442	-0.0615351	-0.0117156	0.120116	-0.0244966	0.0271731	0.0125389	0.00508276	0.0111046	5.64528e-06	0.00378875	0.00184896	0.00407701	0.0081538	0.0036953	0.00757907	0.334869	0.262669	0.325128	0.268044	0.249551	0.275709	
0.2240000000019999882	0.0026233	-0.00255272	0.0013519	0.0026233	-0.00255272	0.0013519	0.999996	0.000542651	-0.000217664	0.00281971	0.00563919	-0.000438387	0.00108407	0.0494278	-0.0618506	-0.00604927	0.13651	0.0162331	0.0180791	0.0119903	0.00510657	0.0111331	1.11337e-05	0.00380104	0.00182807	0.00389231	0.00778436	0.00365343	0.00760356	0.329295	0.258679	0.324948	0.265645	0.247776	0.275629	
0.2339999999969999966	0.00357214	-0.00287867	0.000837223	0.00357214	-0.00287867	0.000837223	0.999994	0.000434637	-0.000173738	0.00338446	0.00676879	-0.000350417	0.000868093	0.0545807	-0.0523279	-0.0128459	0.139166	0.0144147	0.00657095	0.0117528	0.00518318	0.0107798	1.3679e-05	0.00366462	0.00180881	0.00379372	0.00758722	0.00361547	0.00733038	0.330285	0.258429	0.320752	0.265606	0.247796	0.272742	
0.243999999998999989	0.00391667	-0.0030369	0.000434986	0.00391667	-0.0030369	0.000434986	0.999991	0.000436527	4.51261e-05	0.00430468	0.00860943	8.64931e-05	0.000873433	0.0582373	-0.0324947	-0.0243509	0.165183	0.0336237	0.00689655	0.0114973	0.00525552	0.0103256	1.52915e-05	0.00349623	0.00178957	0.00368866	0.00737727	0.00357803	0.00699322	0.331215	0.258131	0.316985	0.265944	0.248192	0.270703	
0.2549999999970000153	0.00373981	-0.00402872	-6.58816e-05	0.00373981	-0.00402872	-6.58816e-05	0.999985	0.000516895	0.000238835	0.00547925	0.0109588	0.000471998	0.00103639	0.0426245	-0.0740748	-0.0307155	0.179427	0.0393178	0.0247864	0.0113637	0.00526264	0.00989006	1.91812e-05	0.00336577	0.00178806	0.00364386	0.00728779	0.00357668	0.00673161	0.334223	0.260843	0.317459	0.270939	0.252264	0.273954	
0.2649999999989999799	0.00474697	-0.00482624	-0.000933971	0.00474697	-0.00482624	-0.000933971	0.99998	0.00049093	0.000575806	0.00630497	0.0126106	0.0011454	0.000989102	0.0695814	-0.0800584	-0.0419471	0.181494	0.0591918	0.0230246	0.0105959	0.00527285	0.00957017	2.1788e-05	0.00324591	0.00177746	0.00336873	0.00673792	0.00355749	0.00649109	0.326631	0.259494	0.316209	0.264143	0.250494	0.270505	
0.2750000000010000001	0.0058804	-0.00555186	-0.0018516	0.0058804	-0.00555186	-0.0018516	0.99997	0.000239875	0.0008627	0.00770363	0.0154078	0.00172165	0.000493028	0.123037	-0.0819383	-0.0404806	0.258935	0.0601104	-0.0102005	0.0100218	0.00533533	0.00941616	2.30382e-05	0.00318472	0.00177935	0.00315193	0.00630486	0.00356357	0.00636769	0.326337	0.259458	0.316312	0.263212	0.249371	0.269953	
0.2849999999960000086	0.00715244	-0.0066149	-0.00219141	0.00715244	-0.0066149	-0.00219141	0.999954	0.000225041	0.00120986	0.0095615	0.0191239	0.0024153	0.000473198	0.146193	-0.116626	-0.0298819	0.350282	0.0596059	0.000417277	0.00954667	0.0054062	0.00928717	2.67951e-05	0.00316025	0.00179892	0.00297383	0.0059493	0.00360732	0.00631655	0.325466	0.260389	0.315684	0.263321	0.249829	0.270412	
0.2949999999979999732	0.00816991	-0.00775814	-0.00285226	0.00816991	-0.00775814	-0.00285226	0.999931	9.66598e-05	0.00178168	0.0116617	0.0233244	0.00356087	0.000234862	0.155537	-0.123225	-0.0267474	0.384825	0.100081	3.74394e-05	0.00911663	0.00546305	0.00914313	3.17227e-05	0.00312374	0.00183954	0.00279837	0.00559991	0.00369499	0.00624068	0.323347	0.260536	0.313496	0.261738	0.251243	0.269068	
0.3059999999970000051	0.0103861	-0.00986593	-0.00310054	0.0103861	-0.00986593	-0.00310054	0.999899	-1.93592e-06	0.00226514	0.0140609	0.028123	0.00452989	5.98291e-05	0.195369	-0.173717	-0.0229442	0.432646	0.0847405	-0.0145655	0.00896091	0.00558414	0.00907323	3.6946e-05	0.00309192	0.00188321	0.00268012	0.00536484	0.00379016	0.00617291	0.323358	0.26317	0.314761	0.264878	0.255653	0.272229	
0.3159999999990000252	0.0122663	-0.0112826	-0.00344119	0.0122663	-0.0112826	-0.00344119	0.999857	-9.48551e-05	0.00290604	0.0166704	0.0333421	0.00581444	-9.27952e-05	0.222714	-0.15478	-0.0354637	0.488407	0.105135	-0.0209895	0.0087189	0.00581571	0.00902418	4.07798e-05	0.00306413	0.00193095	0.00252076	0.00504783	0.00389587	0.00611142	0.318977	0.264296	0.314186	0.258225	0.254277	0.268472	
0.3260000000009999899	0.0140906	-0.0133067	-0.00400687	0.0140906	-0.0133067	-0.00400687	0.999803	-0.000181076	0.00352735	0.0195206	0.0390431	0.00706044	-0.000224374	0.215082	-0.20875	-0.0562388	0.546174	0.116157	-0.0134322	0.00859423	0.00603721	0.00907721	4.58271e-05	0.00307462	0.00199929	0.00240707	0.00482227	0.00404638	0.00612361	0.313375	0.263125	0.315107	0.255492	0.253803	0.268369	
0.33600000000300001	0.0162839	-0.0156645	-0.00358351	0.0162839	-0.0156645	-0.00358351	0.999736	-6.34446e-05	0.0040143	0.0226149	0.0452342	0.00802944	5.4712e-05	0.24126	-0.229179	-0.0305968	0.591536	0.106903	-0.0199026	0.0085831	0.00634978	0.00899692	5.12526e-05	0.0030228	0.00205348	0.00230524	0.0046197	0.00416695	0.00601071	0.309444	0.262898	0.311942	0.253448	0.254093	0.266232	
0.3459999999980000185	0.0181076	-0.0175191	-0.00381152	0.0181076	-0.0175191	-0.00381152	0.999661	-0.000101839	0.00452666	0.0256253	0.0512568	0.0090556	2.8387e-05	0.224169	-0.196804	-0.0505561	0.573404	0.102937	-0.0280102	0.00864846	0.00676007	0.00888816	5.66843e-05	0.00294873	0.00215401	0.00221105	0.00443226	0.00438205	0.00584939	0.306128	0.264352	0.310706	0.251104	0.255661	0.264524	
0.356999999996000017	0.0201742	-0.0200987	-0.00474358	0.0201742	-0.0200987	-0.00474358	0.999577	-0.00041078	0.0052057	0.0286079	0.0572216	0.0104307	-0.000523393	0.218622	-0.206424	-0.0750421	0.526951	0.117098	-0.0488379	0.00875305	0.00716696	0.00884918	6.18779e-05	0.00290096	0.00224804	0.00213747	0.00428596	0.00458413	0.00573957	0.30407	0.266566	0.313118	0.254192	0.259432	0.268166	
0.3669999999979999816	0.0213621	-0.0222304	-0.00446585	0.0213621	-0.0222304	-0.00446585	0.999483	-0.000167431	0.00579037	0.0316417	0.0632953	0.0115856	3.1749e-05	0.199047	-0.212354	-0.0709698	0.552723	0.124542	-0.0178459	0.0087357	0.00759639	0.00870741	6.41378e-05	0.00283376	0.00227828	0.00202881	0.00406839	0.00465543	0.00559316	0.298173	0.264277	0.308752	0.247753	0.254215	0.263186	
0.3770000000000000018	0.0244982	-0.0250415	-0.00367238	0.0244982	-0.0250415	-0.00367238	0.999398	0.000146271	0.00619992	0.0341318	0.0682826	0.0123827	0.00071565	0.242169	-0.252073	-0.0327816	0.528467	0.113611	-0.00954316	0.00859947	0.00799613	0.00854745	6.77557e-05	0.00274941	0.00231515	0.00192732	0.00386485	0.00473412	0.00541558	0.292858	0.268339	0.310874	0.246953	0.254271	0.260722	
0.3870000000020000219	0.0267885	-0.0274117	-0.00378285	0.0267885	-0.0274117	-0.00378285	0.99931	0.000100627	0.00676313	0.036514	0.0730506	0.01351	0.000695075	0.206564	-0.191545	-0.0383241	0.461024	0.118498	-0.0327843	0.00881943	0.0085475	0.0081942	7.09003e-05	0.00260076	0.00240125	0.00186644	0.00374209	0.00490926	0.00510594	0.294137	0.272245	0.309919	0.24607	0.255839	0.259164	
0.3980000000009999983	0.0278813	-0.0299762	-0.00370552	0.0278813	-0.0299762	-0.00370552	0.999204	0.000248976	0.00762734	0.0391465	0.0783236	0.0152236	0.00109485	0.147975	-0.20224	-0.04558	0.448293	0.149468	-0.00875933	0.00923003	0.00920817	0.00808978	7.46131e-05	0.00250034	0.00246592	0.00182615	0.00366073	0.00504352	0.00489225	0.297125	0.277812	0.314319	0.249373	0.25961	0.262389	
0.4079999999960000068	0.0297933	-0.0334181	-0.00421977	0.0297933	-0.0334181	-0.00421977	0.999108	0.000139643	0.00820026	0.0414229	0.0828801	0.0163751	0.000958522	0.16201	-0.257872	-0.0628017	0.44665	0.130098	-0.0281839	0.00921135	0.00961974	0.00772315	7.66709e-05	0.00236451	0.0024409	0.00175116	0.00351079	0.0049903	0.00461852	0.291389	0.274744	0.308567	0.24352	0.256436	0.256302	
0.4179999999980000269	0.0315208	-0.0364504	-0.00635256	0.0315208	-0.0364504	-0.00635256	0.999015	-0.000357293	0.00915717	0.0434259	0.0868834	0.0183283	8.14481e-05	0.128135	-0.227686	-0.12493	0.39661	0.157155	-0.053441	0.00937943	0.010319	0.00742992	7.79013e-05	0.00223314	0.00242292	0.00167719	0.00336337	0.00494795	0.00435762	0.291647	0.279781	0.306521	0.241676	0.255089	0.253849	
0.4279999999999999916	0.0334354	-0.0398491	-0.00828543	0.0334354	-0.0398491	-0.00828543	0.998924	-0.000868223	0.00996459	0.0452944	0.090616	0.0199877	-0.000832063	0.118086	-0.21284	-0.147306	0.363787	0.156392	-0.0827415	0.00936451	0.0110316	0.00737645	7.79969e-05	0.00216317	0.00235879	0.00160668	0.00322367	0.00481561	0.00422283	0.291083	0.287605	0.307661	0.240231	0.254703	0.253217	
0.4380000000020000117	0.0352401	-0.0435036	-0.00760777	0.0352401	-0.0435036	-0.00760777	0.998849	-0.00046656	0.0104176	0.046818	0.0936758	0.0208563	4.34219e-05	0.113765	-0.255321	-0.0994935	0.309056	0.158138	-0.0185823	0.00967979	0.0118675	0.00753248	7.76296e-05	0.00212519	0.00231471	0.00153856	0.00308833	0.00472606	0.00414889	0.29277	0.290834	0.309827	0.238677	0.254419	0.250863	
0.4490000000009999881	0.0371005	-0.047028	-0.00700649	0.0371005	-0.047028	-0.00700649	0.998787	-0.000236231	0.0108754	0.0480256	0.0961001	0.0217489	0.000572845	0.0890609	-0.228887	-0.0608105	0.224494	0.146399	-0.0225409	0.00999617	0.0126928	0.00750404	7.90627e-05	0.00207579	0.00231596	0.00150235	0.0030146	0.00472464	0.00405076	0.296836	0.294857	0.312022	0.243614	0.257611	0.254734	
0.4590000000030000082	0.0393692	-0.0512668	-0.00772045	0.0393692	-0.0512668	-0.00772045	0.998738	-0.000528662	0.0114421	0.0488965	0.0978391	0.0229089	6.29803e-05	0.0940823	-0.240846	-0.0755503	0.177073	0.152049	-0.060495	0.0103014	0.0134663	0.00720576	7.86876e-05	0.00197429	0.00229435	0.00145419	0.00291669	0.00467207	0.00385358	0.296198	0.295505	0.311374	0.237999	0.25534	0.249348	
0.4689999999969999833	0.0421904	-0.0578908	-0.00976352	0.0421904	-0.0578908	-0.00976352	0.998685	-0.00108356	0.0124363	0.0497341	0.0995054	0.0249502	-0.000927551	0.0731432	-0.262177	-0.114591	0.140693	0.196173	-0.0845992	0.0107872	0.0142239	0.00703721	7.87202e-05	0.00188839	0.00227764	0.0014102	0.00282731	0.0046306	0.00368751	0.300837	0.302522	0.312815	0.23656	0.254142	0.247108	
0.4789999999990000035	0.0462687	-0.0662219	-0.0113102	0.0462687	-0.0662219	-0.0113102	0.99864	-0.00154039	0.0131497	0.0504223	0.100873	0.026422	-0.00175114	0.109016	-0.33122	-0.138076	0.121455	0.200889	-0.10104	0.0111218	0.0147761	0.00716726	7.88577e-05	0.00181988	0.00223991	0.00135913	0.00272377	0.00454807	0.00355691	0.313613	0.326642	0.318535	0.235542	0.253573	0.245524	
0.4890000000010000236	0.051531	-0.0774369	-0.0129362	0.051531	-0.0774369	-0.0129362	0.998603	-0.00207036	0.0137371	0.0509863	0.101989	0.0276505	-0.00273516	0.128045	-0.430478	-0.150006	0.0874296	0.203279	-0.123282	0.0105251	0.0142396	0.00744137	7.84362e-05	0.00175084	0.00217909	0.00130918	0.00262199	0.00441702	0.00342915	0.32641	0.359283	0.327706	0.234703	0.252509	0.24259	
0.5	0.0560776	-0.0898585	-0.0159407	0.0560776	-0.0898585	-0.0159407	0.998571	-0.00281871	0.0145342	0.0513496	0.102695	0.0293205	-0.00413851	0.144829	-0.563675	-0.199395	0.0396058	0.188338	-0.125856	0.0111942	0.0155848	0.00781666	7.82597e-05	0.00169687	0.0021341	0.00126249	0.00252628	0.00431756	0.00333205	0.342618	0.39183	0.337351	0.237769	0.256014	0.244952	
0.5100000000019999646	0.063332	-0.105652	-0.0179214	0.063332	-0.105652	-0.0179214	0.998556	-0.00341953	0.0152712	0.0513845	0.102746	0.0308545	-0.00526232	0.209783	-0.69612	-0.17746	-0.0222691	0.194647	-0.145824	0.0118246	0.0169802	0.00822742	7.73083e-05	0.00167363	0.00206243	0.00122033	0.00243991	0.00416855	0.00329346	0.352997	0.417174	0.345135	0.231082	0.253115	0.23874	
0.5199999999969999731	0.067173	-0.118611	-0.0209064	0.067173	-0.118611	-0.0209064	0.998539	-0.00416639	0.0163962	0.0513208	0.102591	0.0331782	-0.00664137	0.18252	-0.750546	-0.194429	-0.0633503	0.214607	-0.138621	0.0128841	0.0190995	0.00884642	7.64308e-05	0.00166917	0.00200863	0.00118702	0.0023723	0.00405592	0.00329248	0.368782	0.444856	0.354578	0.229413	0.251556	0.235927	
0.5299999999990000488	0.0694509	-0.129788	-0.0242114	0.0694509	-0.129788	-0.0242114	0.998524	-0.00499184	0.0175671	0.0511594	0.102235	0.0356006	-0.00817676	0.128114	-0.735489	-0.217258	-0.0924034	0.229722	-0.141658	0.0134911	0.0213892	0.00935803	7.64446e-05	0.00170962	0.00194379	0.00116535	0.00232822	0.00392765	0.00337486	0.363278	0.455265	0.358137	0.228252	0.250984	0.235129	
0.5400000000010000134	0.0703554	-0.137693	-0.0277469	0.0703554	-0.137693	-0.0277469	0.998519	-0.00597167	0.0186948	0.0507399	0.101352	0.0379493	-0.0100359	0.0740976	-0.655045	-0.241494	-0.125368	0.226726	-0.162796	0.0140849	0.0237595	0.00996262	7.7307e-05	0.00176452	0.00189034	0.00115539	0.00230698	0.0038268	0.00348098	0.356811	0.449904	0.362092	0.228137	0.250546	0.234686	
0.5509999999989999564	0.0678022	-0.141538	-0.0306073	0.0678022	-0.141538	-0.0306073	0.998499	-0.0069076	0.0200917	0.0504849	0.100795	0.0408318	-0.0117759	-0.036653	-0.528761	-0.249471	-0.103987	0.242843	-0.159005	0.0138887	0.0246978	0.0105512	7.92143e-05	0.00181033	0.00186338	0.00116034	0.00231495	0.00378135	0.00356552	0.346424	0.413183	0.36421	0.234608	0.254216	0.240131	
0.5610000000020000099	0.0649354	-0.142592	-0.0349053	0.0649354	-0.142592	-0.0349053	0.998487	-0.00815641	0.0214669	0.0499705	0.0996997	0.0436979	-0.0141567	-0.105672	-0.376926	-0.309129	-0.145753	0.260966	-0.195238	0.0126212	0.0231745	0.0107547	8.08468e-05	0.00182166	0.00182476	0.00115729	0.00230755	0.0037096	0.00358437	0.336453	0.360319	0.361454	0.229625	0.251428	0.235373	
0.5709999999960000405	0.0654399	-0.152788	-0.03841	0.0654399	-0.152788	-0.03841	0.998477	-0.00904085	0.0227064	0.049464	0.098632	0.0462545	-0.0158254	-0.145418	-0.40923	-0.326287	-0.134199	0.262548	-0.194085	0.0112804	0.0205467	0.0106329	8.25585e-05	0.00177841	0.00180803	0.00115175	0.0022954	0.00367924	0.00349371	0.333719	0.324117	0.357446	0.228649	0.2501	0.23454	
0.5809999999980000052	0.0675478	-0.163246	-0.0411843	0.0675478	-0.163246	-0.0411843	0.998491	-0.00974093	0.0238518	0.0484964	0.0966461	0.0485956	-0.0171601	-0.140381	-0.365416	-0.299427	-0.192971	0.262437	-0.182476	0.010792	0.0206782	0.0108482	8.22154e-05	0.00176036	0.00178346	0.00113982	0.002275	0.0036282	0.00346177	0.336816	0.329013	0.360327	0.228017	0.248879	0.233794	
0.5909999999999999698	0.0671874	-0.171259	-0.0445673	0.0671874	-0.171259	-0.0445673	0.998491	-0.0105464	0.0253425	0.0475646	0.0947187	0.0516348	-0.0186762	-0.143663	-0.435919	-0.313887	-0.194575	0.292215	-0.156799	0.0109481	0.0216873	0.0114031	8.22458e-05	0.00176091	0.00177527	0.00114209	0.00228198	0.00361204	0.00346488	0.340885	0.339138	0.365564	0.227743	0.248645	0.232983	
0.6019999999990000017	0.0693176	-0.183705	-0.0487256	0.0693176	-0.183705	-0.0487256	0.998495	-0.0114366	0.02675	0.0464833	0.0924838	0.0545097	-0.0203837	-0.128874	-0.422748	-0.311107	-0.209958	0.286926	-0.17613	0.0108331	0.0226731	0.0118627	8.40812e-05	0.0017733	0.00177233	0.00115728	0.00231472	0.00360622	0.00349181	0.344268	0.35075	0.368927	0.233422	0.252236	0.238491	
0.6120000000009999663	0.0700939	-0.195895	-0.0517251	0.0700939	-0.195895	-0.0517251	0.9985	-0.0122093	0.0278696	0.0455169	0.0904858	0.0567977	-0.0218819	-0.152882	-0.462662	-0.329617	-0.223839	0.265065	-0.195453	0.0111896	0.0242613	0.0126454	8.52548e-05	0.00178534	0.00176627	0.00116808	0.00233845	0.00359439	0.00351767	0.350157	0.368673	0.376159	0.227699	0.249727	0.232844	
0.6219999999959999748	0.0690689	-0.207955	-0.0559156	0.0690689	-0.207955	-0.0559156	0.998498	-0.0129924	0.029257	0.04446	0.0882975	0.0596166	-0.0233879	-0.217111	-0.499686	-0.365186	-0.25206	0.284047	-0.176665	0.0114825	0.026087	0.0134977	8.62408e-05	0.00182514	0.00176653	0.00118218	0.00237013	0.0035965	0.0035988	0.353259	0.385141	0.381802	0.226764	0.248171	0.232137	
0.6319999999980000505	0.0699402	-0.225409	-0.0623978	0.0699402	-0.225409	-0.0623978	0.998494	-0.0140415	0.0306649	0.0432729	0.0858269	0.0624933	-0.0254392	-0.25284	-0.547495	-0.4427	-0.28043	0.299645	-0.217779	0.0115641	0.0276373	0.0142597	8.79004e-05	0.00186878	0.00177522	0.0011954	0.00239999	0.00361579	0.00368681	0.355696	0.399337	0.386359	0.226366	0.247991	0.23197	
0.6420000000000000151	0.0688598	-0.24327	-0.0695652	0.0688598	-0.24327	-0.0695652	0.998485	-0.0149729	0.0320397	0.0421596	0.0835067	0.0652911	-0.0272602	-0.293638	-0.674699	-0.503597	-0.271416	0.293318	-0.194892	0.0117548	0.0294894	0.0151583	8.95358e-05	0.00189626	0.00178139	0.00119181	0.00239723	0.00362804	0.00374463	0.360389	0.417715	0.393149	0.225642	0.247764	0.231133	
0.6529999999979999581	0.0677195	-0.261671	-0.0772204	0.0677195	-0.261671	-0.0772204	0.99848	-0.0159532	0.0335539	0.0407029	0.0804862	0.0683577	-0.0291989	-0.330996	-0.700651	-0.554721	-0.30415	0.301302	-0.197828	0.0119971	0.0319572	0.0164633	9.27818e-05	0.00197952	0.0018012	0.00121788	0.00245323	0.00366924	0.00391276	0.366361	0.444058	0.403809	0.231859	0.251647	0.237414	
0.6630000000000000338	0.0669206	-0.281881	-0.0875848	0.0669206	-0.281881	-0.0875848	0.998483	-0.0171415	0.0349975	0.038906	0.0767642	0.0712829	-0.0315933	-0.352762	-0.737581	-0.607041	-0.391703	0.308491	-0.217098	0.0120396	0.0336078	0.0176389	9.40284e-05	0.00198701	0.00180311	0.00121485	0.00245153	0.0036697	0.00393274	0.370527	0.463494	0.411929	0.225815	0.249255	0.230949	
0.6730000000029999763	0.0661516	-0.304976	-0.0935139	0.0661516	-0.304976	-0.0935139	0.998496	-0.0178028	0.0362776	0.0370676	0.0729954	0.073833	-0.0329582	-0.383184	-0.81387	-0.555883	-0.411581	0.306316	-0.200673	0.0123374	0.0360572	0.0191002	9.74032e-05	0.00205511	0.00181006	0.00121754	0.00245801	0.00368264	0.00407169	0.375122	0.486417	0.421925	0.224713	0.247653	0.230727	
0.6829999999970000069	0.0638657	-0.328202	-0.102694	0.0638657	-0.328202	-0.102694	0.998493	-0.0187673	0.0377761	0.0351193	0.0689729	0.076832	-0.0349349	-0.43431	-0.856941	-0.596195	-0.439009	0.325664	-0.209638	0.0127131	0.0387477	0.0206847	9.91942e-05	0.00207962	0.00180958	0.00121484	0.00245355	0.00367847	0.00412477	0.380753	0.512427	0.432694	0.224221	0.247178	0.229164	
0.6929999999989999715	0.0597436	-0.347577	-0.112455	0.0597436	-0.347577	-0.112455	0.998477	-0.0198981	0.0393955	0.0331107	0.0648056	0.0800743	-0.0372547	-0.492332	-0.905466	-0.664958	-0.44723	0.339594	-0.21474	0.0131845	0.041426	0.0224959	0.000102341	0.0020996	0.00181029	0.00120707	0.00243783	0.00367651	0.00416836	0.387124	0.538524	0.445193	0.223742	0.247106	0.228678	
0.7039999999980000034	0.0571269	-0.381544	-0.123409	0.0571269	-0.381544	-0.123409	0.998473	-0.0206791	0.0409065	0.0308453	0.0601481	0.0830592	-0.0389154	-0.538763	-1.01019	-0.694787	-0.458847	0.323601	-0.201236	0.0135888	0.0447492	0.0243082	0.000107199	0.00215688	0.00181064	0.00120653	0.00243518	0.00367421	0.00428662	0.39181	0.554861	0.453427	0.22983	0.250962	0.234507	
0.713999999999999968	0.0521951	-0.407041	-0.137105	0.0521951	-0.407041	-0.137105	0.998452	-0.0217859	0.0425585	0.028409	0.0551086	0.0863304	-0.0412515	-0.577953	-1.10771	-0.738304	-0.508303	0.33366	-0.182305	0.0138448	0.046863	0.0259543	0.000108073	0.00210814	0.00180626	0.00118258	0.00238741	0.00365935	0.00419399	0.3972	0.575471	0.463327	0.223646	0.248819	0.228376	
0.7240000000020000437	0.0457535	-0.4373	-0.148429	0.0457535	-0.4373	-0.148429	0.99843	-0.0226264	0.044033	0.0262061	0.05056	0.0892319	-0.0430584	-0.665148	-1.15851	-0.790073	-0.512222	0.339532	-0.20492	0.0143368	0.0500071	0.0278399	0.000111835	0.00212332	0.00180157	0.00116811	0.00235379	0.00364651	0.00422657	0.402558	0.598812	0.474179	0.222795	0.247288	0.227415	
0.7339999999970000522	0.0421197	-0.479411	-0.163704	0.0421197	-0.479411	-0.163704	0.998409	-0.0234351	0.0457273	0.0232161	0.0444196	0.0925293	-0.0448794	-0.693372	-1.32453	-0.823027	-0.59686	0.352625	-0.197626	0.0145549	0.0505342	0.0293475	0.00011386	0.00210057	0.00178621	0.00114941	0.00231318	0.00360966	0.0041857	0.406167	0.61249	0.480258	0.222441	0.24689	0.227275	
0.7439999999990000168	0.0367678	-0.52925	-0.193081	0.0367678	-0.52925	-0.193081	0.998401	-0.0245234	0.0467726	0.0201806	0.0381823	0.0945261	-0.0473092	-0.725802	-1.52484	-1.09595	-0.623315	0.258652	-0.162456	0.0145064	0.0470977	0.0303356	0.000110175	0.00191602	0.00173855	0.00113438	0.00228619	0.00350348	0.00382477	0.412448	0.608018	0.488545	0.222102	0.244369	0.225221	
0.7549999999969999598	0.0289832	-0.566873	-0.217504	0.0289832	-0.566873	-0.217504	0.998346	-0.0257109	0.0484198	0.0173232	0.0322588	0.0977256	-0.049918	-0.740098	-1.6483	-1.22872	-0.563551	0.293086	-0.162666	0.0156288	0.0469638	0.0324375	0.000112334	0.00188258	0.00175885	0.00111436	0.00224506	0.00354	0.00376047	0.425943	0.626127	0.511122	0.226194	0.247877	0.231831	
0.7649999999990000354	0.024076	-0.618944	-0.235609	0.024076	-0.618944	-0.235609	0.998291	-0.0264236	0.0502277	0.0139656	0.0253615	0.101194	-0.0516409	-0.786115	-1.85914	-1.28837	-0.66978	0.356565	-0.207393	0.016031	0.0484126	0.0334652	0.00011357	0.00183599	0.00173573	0.00110112	0.00221678	0.00348834	0.0036722	0.428973	0.63885	0.517747	0.21989	0.243938	0.225484	
0.7750000000010000001	0.0174924	-0.684357	-0.252118	0.0174924	-0.684357	-0.252118	0.998219	-0.0269436	0.052162	0.0106473	0.0185488	0.104904	-0.0529965	-0.860991	-2.19423	-1.30892	-0.683257	0.395108	-0.221741	0.0165627	0.049565	0.03473	0.000115005	0.00174747	0.00172012	0.00108091	0.0021743	0.00345287	0.00349879	0.433284	0.651368	0.524634	0.219005	0.242385	0.223744	
0.7849999999960000086	0.00871721	-0.73064	-0.259709	0.00871721	-0.73064	-0.259709	0.998088	-0.0276344	0.0548307	0.00721257	0.0114366	0.110073	-0.0547305	-0.950222	-2.33943	-1.20948	-0.686727	0.508971	-0.234213	0.0172836	0.0526944	0.0362954	0.000118968	0.0017154	0.001732	0.00106647	0.00214481	0.0034739	0.00343936	0.439563	0.670701	0.535246	0.220854	0.245944	0.224109	
0.7949999999979999732	-0.00159414	-0.775397	-0.258845	-0.00159414	-0.775397	-0.258845	0.997904	-0.0283001	0.0580797	0.003784	0.00429387	0.116393	-0.0564537	-1.05478	-2.52032	-0.930638	-0.649651	0.588531	-0.240131	0.0179351	0.0566637	0.03832	0.000124933	0.00166764	0.0017538	0.00106115	0.00213216	0.00351541	0.00334857	0.444017	0.690555	0.543928	0.223027	0.250894	0.225062	
0.8059999999970000051	-0.014889	-0.840337	-0.269063	-0.014889	-0.840337	-0.269063	0.997817	-0.0284959	0.0596184	-0.00039105	-0.00420803	0.119237	-0.0573522	-1.18906	-2.618	-0.888101	-0.715409	0.394801	-0.163152	0.0187599	0.0618386	0.0404729	0.000128488	0.00162321	0.00170694	0.00104205	0.00208863	0.00341794	0.00326234	0.449611	0.710307	0.548033	0.227955	0.250695	0.230194	
0.8159999999989999697	-0.0202446	-0.895871	-0.265452	-0.0202446	-0.895871	-0.265452	0.997628	-0.0286767	0.0624259	-0.00446273	-0.0125825	0.124622	-0.0582589	-1.15251	-2.81497	-0.636296	-0.732897	0.504291	-0.144436	0.0190221	0.06584	0.041471	0.000128205	0.00156203	0.00171996	0.00103455	0.00207187	0.00344212	0.00314498	0.44983	0.723296	0.543526	0.223548	0.253272	0.225918	
0.8260000000010000454	-0.0298894	-0.966068	-0.257847	-0.0298894	-0.966068	-0.257847	0.997433	-0.0289894	0.0648967	-0.0087026	-0.0213026	0.129316	-0.0594909	-1.26303	-3.05122	-0.449942	-0.795408	0.51411	-0.194655	0.0193652	0.0697631	0.0426231	0.000133038	0.00150447	0.00173976	0.00103041	0.0020634	0.0034786	0.00303369	0.451425	0.736437	0.541375	0.224754	0.255151	0.226354	
0.83600000000300001	-0.0410867	-1.04658	-0.254652	-0.0410867	-1.04658	-0.254652	0.997232	-0.0286032	0.0673307	-0.0133817	-0.0308218	0.133923	-0.0594166	-1.34792	-3.29788	-0.219078	-0.855758	0.503557	-0.0639732	0.0198984	0.0723491	0.0435421	0.000134208	0.00141825	0.00170048	0.00100935	0.00201902	0.00339751	0.00286738	0.456056	0.750049	0.5453	0.223433	0.251669	0.225426	
0.8459999999980000185	-0.0502112	-1.15096	-0.23792	-0.0502112	-1.15096	-0.23792	0.997026	-0.0284569	0.0692973	-0.0181002	-0.0404296	0.137586	-0.0598541	-1.43631	-3.73591	0.00873734	-0.885342	0.460498	-0.13328	0.0206597	0.072888	0.0441742	0.000136273	0.00132967	0.00171414	0.00100402	0.00200663	0.00342255	0.00269263	0.46283	0.756353	0.548128	0.224517	0.255459	0.22671	
0.8569999999959999615	-0.0598107	-1.24392	-0.217113	-0.0598107	-1.24392	-0.217113	0.996761	-0.0283705	0.0715119	-0.0234588	-0.0513605	0.141703	-0.060556	-1.45986	-4.00953	0.266809	-0.91229	0.445571	-0.0946182	0.0214295	0.0745612	0.0437427	0.000138172	0.00124184	0.00171326	0.000990088	0.00197779	0.00341904	0.00252255	0.46901	0.758915	0.54111	0.230289	0.258663	0.232327	
0.8669999999980000371	-0.0692116	-1.33706	-0.200246	-0.0692116	-1.33706	-0.200246	0.99645	-0.0280687	0.073938	-0.0288786	-0.0624091	0.146251	-0.0608958	-1.44293	-4.28164	0.456205	-0.986916	0.488434	-0.0220509	0.0213534	0.0757097	0.039071	0.000139101	0.00115472	0.00169861	0.000971681	0.00194134	0.00338758	0.0023561	0.460625	0.759999	0.454871	0.225086	0.256938	0.227065	
0.8770000000000000018	-0.0784086	-1.43766	-0.1907	-0.0784086	-1.43766	-0.1907	0.99615	-0.0278515	0.0756459	-0.0344664	-0.0737683	0.149344	-0.0614249	-1.42383	-4.60713	0.566114	-1.02341	0.415555	0.00449279	0.021152	0.077705	0.0394716	0.000147893	0.00111004	0.00174354	0.000956095	0.00191719	0.00347013	0.00228278	0.439275	0.76038	0.473322	0.224793	0.259827	0.227641	
0.8870000000019999664	-0.0997297	-1.57171	-0.185357	-0.0997297	-1.57171	-0.185357	0.995673	-0.0275924	0.0787969	-0.0408351	-0.0868172	0.155282	-0.0621688	-1.59136	-5.06369	0.715369	-1.14636	0.550932	0.0442036	0.021993	0.0776055	0.0389509	0.000145575	0.0010675	0.0016965	0.00093795	0.00187779	0.00337439	0.00220445	0.456469	0.766299	0.492627	0.223336	0.254853	0.225807	
0.8980000000009999983	-0.117997	-1.69632	-0.173746	-0.117997	-1.69632	-0.173746	0.995161	-0.0274039	0.081656	-0.0472871	-0.100044	0.16062	-0.0631189	-1.63826	-5.4045	0.859895	-1.11531	0.550588	0.0461071	0.0232321	0.0798896	0.0394895	0.000152379	0.00104488	0.001691	0.00093017	0.00186403	0.00335817	0.00217153	0.472027	0.777196	0.509729	0.228759	0.25839	0.231269	
0.9079999999960000068	-0.138362	-1.80363	-0.158668	-0.138362	-1.80363	-0.158668	0.994807	-0.0266605	0.08308	-0.0524208	-0.110416	0.163226	-0.062627	-1.75134	-5.67704	1.04176	-0.986814	0.405642	0.118732	0.0249544	0.0834971	0.0413056	0.000166761	0.00109801	0.00175559	0.000960739	0.00193306	0.00347182	0.0023031	0.487405	0.794158	0.530895	0.225475	0.261064	0.230704	
0.9179999999979999714	-0.161958	-1.92559	-0.144304	-0.161958	-1.92559	-0.144304	0.994292	-0.0262275	0.0851892	-0.0586525	-0.123125	0.167106	-0.0630684	-1.90647	-6.0008	1.18322	-1.11132	0.42359	0.108228	0.0267281	0.0875222	0.0431584	0.000171957	0.00111998	0.0017857	0.000965939	0.00194562	0.00352105	0.00236699	0.499094	0.810862	0.547712	0.224493	0.259229	0.229795	
0.9280000000000000471	-0.193364	-2.03521	-0.123792	-0.193364	-2.03521	-0.123792	0.993697	-0.0254186	0.0878994	-0.064771	-0.13561	0.172248	-0.0628746	-2.14875	-6.19568	1.411	-1.13883	0.5049	0.180802	0.0286526	0.0917669	0.045034	0.000180545	0.0011593	0.00181798	0.000991774	0.00199549	0.00357246	0.00246834	0.510717	0.828781	0.562176	0.225279	0.260093	0.23262	
0.9380000000020000117	-0.214784	-2.17074	-0.0967878	-0.214784	-2.17074	-0.0967878	0.992928	-0.0247636	0.0906034	-0.0726317	-0.151671	0.177255	-0.0633728	-2.20519	-6.52773	1.64977	-1.36264	0.537674	0.179164	0.0306079	0.0958454	0.046617	0.000185122	0.00114075	0.00179995	0.000969608	0.00195504	0.00352681	0.00244785	0.519735	0.842878	0.571436	0.224011	0.258013	0.230296	
0.9490000000010000436	-0.228524	-2.29007	-0.060335	-0.228524	-2.29007	-0.060335	0.992126	-0.0239142	0.0929086	-0.080511	-0.167725	0.181498	-0.0634971	-2.06561	-6.66877	1.89853	-1.33953	0.493437	0.190466	0.0331427	0.101358	0.0492511	0.000205549	0.00115697	0.00187721	0.00100757	0.00205458	0.0036696	0.00250638	0.531943	0.859378	0.584584	0.234353	0.268746	0.23668	
0.9590000000030000082	-0.245418	-2.41822	-0.0221902	-0.245418	-2.41822	-0.0221902	0.991234	-0.023293	0.0958565	-0.0878931	-0.182901	0.187026	-0.0641905	-2.05048	-6.87886	2.1244	-1.35511	0.559834	0.177447	0.0354664	0.106272	0.0516366	0.000212373	0.00115438	0.00188074	0.00100428	0.00205616	0.00366593	0.00252319	0.540614	0.873254	0.59318	0.229773	0.266607	0.232655	
0.9689999999970000388	-0.257115	-2.54175	0.0164372	-0.257115	-2.54175	0.0164372	0.990289	-0.0224413	0.0981645	-0.0958554	-0.199178	0.191285	-0.064486	-1.93087	-7.02941	2.32864	-1.46343	0.521258	0.233785	0.0379721	0.111405	0.0545487	0.000226528	0.00116314	0.00193746	0.00102633	0.00210739	0.00377763	0.00255167	0.551394	0.886425	0.605041	0.232782	0.271269	0.232335	
0.9789999999990000035	-0.272679	-2.69706	0.0626594	-0.272679	-2.69706	0.0626594	0.989351	-0.0217225	0.100586	-0.102935	-0.213725	0.195807	-0.0649765	-1.95863	-7.37674	2.5218	-1.3375	0.515211	0.191925	0.040348	0.116599	0.0570958	0.000234008	0.00116142	0.00194651	0.00101973	0.00210009	0.003788	0.00256648	0.55882	0.896546	0.612186	0.232764	0.270392	0.232639	
0.9890000000009999681	-0.292821	-2.83144	0.114115	-0.292821	-2.83144	0.114115	0.988335	-0.0204995	0.103319	-0.109996	-0.228195	0.20107	-0.0645955	-2.03304	-7.59951	2.79021	-1.33765	0.545453	0.285383	0.0431299	0.121502	0.059789	0.00024347	0.00119796	0.00197019	0.00105037	0.00216646	0.00381897	0.00267201	0.570085	0.90892	0.62004	0.234857	0.271429	0.235833	
1	-0.314307	-2.97878	0.177648	-0.314307	-2.97878	0.177648	0.987148	-0.0190029	0.106347	-0.117767	-0.244124	0.206958	-0.0639733	-2.08238	-7.78374	3.11854	-1.33038	0.560231	0.330068	0.0461543	0.127148	0.0622556	0.000254519	0.00121294	0.00198808	0.00106184	0.00219927	0.00383902	0.00273362	0.579761	0.91832	0.625406	0.239696	0.273985	0.240812	
1.010000000000000009	-0.33525	-3.14478	0.218425	-0.33525	-3.14478	0.218425	0.985866	-0.0173427	0.109683	-0.125451	-0.259914	0.213534	-0.0631911	-2.12295	-8.19188	3.14212	-1.39709	0.647106	0.421532	0.0497323	0.131978	0.0658901	0.000263226	0.00123367	0.00203005	0.00106278	0.00220109	0.00391175	0.00280137	0.607631	0.929595	0.653043	0.23814	0.279898	0.242658	
1.020000000000000018	-0.356095	-3.2749	0.256066	-0.356095	-3.2749	0.256066	0.984646	-0.0150878	0.111174	-0.133748	-0.276638	0.216587	-0.0609104	-2.14251	-8.41269	3.14626	-1.53075	0.50514	0.55442	0.0536716	0.136623	0.0697672	0.000274057	0.00123865	0.00204073	0.00105949	0.00220064	0.00391558	0.00283905	0.637015	0.940417	0.680716	0.23667	0.278476	0.241647	
1.030000000000000027	-0.37564	-3.42082	0.304117	-0.37564	-3.42082	0.304117	0.98337	-0.0132026	0.111594	-0.142689	-0.294659	0.217418	-0.0592408	-2.16255	-8.68441	3.1842	-1.64097	0.319772	0.567411	0.0576304	0.142866	0.0731702	0.000291235	0.00121336	0.00225941	0.001059	0.00217675	0.00437903	0.00277833	0.664091	0.955425	0.705669	0.241517	0.298417	0.2442	
1.040000000000000036	-0.39674	-3.56498	0.345663	-0.39674	-3.56498	0.345663	0.98213	-0.0111556	0.111303	-0.151356	-0.312021	0.216949	-0.0569709	-2.16493	-8.90265	3.15766	-1.62917	0.184853	0.612762	0.060774	0.146141	0.0668224	0.000301268	0.00121095	0.00236535	0.00104934	0.00215514	0.00458551	0.00279767	0.685068	0.941944	0.555954	0.240832	0.296686	0.244125	
1.050999999999999934	-0.427782	-3.73685	0.40903	-0.427782	-3.73685	0.40903	0.980657	-0.00841929	0.111713	-0.160506	-0.330345	0.218128	-0.0536711	-2.32432	-9.25938	3.33716	-1.59633	0.199473	0.673482	0.0510983	0.138327	0.068054	0.000309389	0.00122813	0.00238075	0.00109207	0.0022456	0.00459447	0.0028659	0.516069	0.868927	0.563279	0.250479	0.293034	0.249579	
1.060999999999999943	-0.441028	-3.87632	0.463594	-0.441028	-3.87632	0.463594	0.979104	-0.00586108	0.113076	-0.168926	-0.347357	0.221246	-0.0509431	-2.25922	-9.44526	3.39935	-1.60129	0.276928	0.69863	0.0538799	0.14385	0.0709569	0.000317736	0.00124616	0.00241774	0.00108986	0.00224908	0.00467577	0.00289539	0.551458	0.887429	0.596097	0.248959	0.304175	0.249277	
1.070999999999999952	-0.451577	-4.02321	0.520982	-0.451577	-4.02321	0.520982	0.977574	-0.00350272	0.115084	-0.17634	-0.362451	0.225683	-0.0486897	-2.17883	-9.63862	3.47143	-1.47484	0.369307	0.652506	0.057053	0.149608	0.0742106	0.000327079	0.00125135	0.00243386	0.00108407	0.00224666	0.00470284	0.00292137	0.585671	0.906265	0.627857	0.247815	0.305419	0.248658	
1.080999999999999961	-0.463894	-4.16896	0.57748	-0.463894	-4.16896	0.57748	0.976063	-0.000794282	0.116182	-0.183853	-0.377579	0.228493	-0.0454684	-2.12095	-9.81748	3.54268	-1.44115	0.357768	0.688413	0.0605731	0.155489	0.0777968	0.000335057	0.00125287	0.0024297	0.0010758	0.00223788	0.0046818	0.00294671	0.618092	0.924772	0.658214	0.247359	0.304779	0.249054	
1.09099999999999997	-0.467752	-4.31967	0.637157	-0.467752	-4.31967	0.637157	0.974465	0.00199647	0.11797	-0.191044	-0.39214	0.232774	-0.042338	-1.94188	-9.98636	3.62108	-1.37854	0.412652	0.698626	0.0586382	0.154521	0.0711545	0.000337606	0.00125334	0.00239822	0.00106536	0.00222635	0.00460472	0.00297089	0.550763	0.892829	0.487364	0.246148	0.299081	0.24828	
1.102000000000000091	-0.511376	-4.50326	0.701055	-0.511376	-4.50326	0.701055	0.973048	0.00506804	0.118537	-0.197744	-0.405473	0.234841	-0.0380709	-2.33588	-10.3383	3.71172	-1.19817	0.322337	0.689702	0.0578714	0.150013	0.0688553	0.000332347	0.00123855	0.00231388	0.0010458	0.00219368	0.00438728	0.00300924	0.481415	0.822969	0.455903	0.248044	0.284545	0.250869	
1.112000000000000099	-0.530572	-4.64889	0.754472	-0.530572	-4.64889	0.754472	0.971542	0.00812285	0.119758	-0.204201	-0.418415	0.238265	-0.0340955	-2.33306	-10.4581	3.73617	-1.1897	0.36825	0.726611	0.059893	0.154349	0.0704455	0.000332275	0.00124255	0.00225287	0.00103731	0.00218662	0.00425194	0.00302497	0.516249	0.840057	0.496717	0.243007	0.283947	0.247047	
1.122000000000000108	-0.547417	-4.7944	0.808993	-0.547417	-4.7944	0.808993	0.970195	0.0112102	0.120567	-0.209906	-0.42974	0.240979	-0.0297266	-2.30056	-10.5576	3.76729	-1.08434	0.356238	0.729873	0.0622834	0.159149	0.0722809	0.000334852	0.00124328	0.00220427	0.00101971	0.00216591	0.00413976	0.00304162	0.551965	0.859606	0.534834	0.238734	0.279727	0.244016	
1.131999999999999895	-0.561813	-4.94187	0.863563	-0.561813	-4.94187	0.863563	0.968856	0.014246	0.121483	-0.215308	-0.440473	0.243945	-0.0254644	-2.25523	-10.6685	3.80012	-0.965482	0.382873	0.668929	0.0650581	0.164244	0.0744287	0.000341056	0.0013015	0.00217084	0.00107187	0.00227507	0.00405368	0.00316157	0.586171	0.879805	0.570604	0.241947	0.276693	0.246332	
1.141999999999999904	-0.573433	-5.09757	0.921079	-0.573433	-5.09757	0.921079	0.967468	0.0176725	0.122407	-0.220704	-0.451117	0.247159	-0.0204595	-2.20877	-10.8126	3.83911	-0.972269	0.379308	0.741851	0.0680906	0.169346	0.0768877	0.000343808	0.00131718	0.00214185	0.00106784	0.0022761	0.0039801	0.0032055	0.617686	0.898614	0.603827	0.240929	0.275049	0.245407	
1.153000000000000025	-0.594227	-5.2335	0.971153	-0.594227	-5.2335	0.971153	0.966372	0.0216118	0.122049	-0.225314	-0.459828	0.248168	-0.0136474	-2.19903	-10.796	3.79796	-0.805447	0.256333	0.770844	0.0616956	0.159781	0.0758398	0.000347996	0.00132233	0.00211413	0.00105802	0.00226667	0.00391346	0.00322303	0.468087	0.811261	0.527381	0.243335	0.27359	0.247387	
1.163000000000000034	-0.59027	-5.4711	1.06051	-0.59027	-5.4711	1.06051	0.965321	0.0253896	0.122134	-0.229335	-0.467408	0.250041	-0.00722597	-2.11539	-11.4622	4.13901	-0.734264	0.225518	0.831169	0.0593541	0.128365	0.0702548	0.000327734	0.0012999	0.00201855	0.00102123	0.00217656	0.00373631	0.00313717	0.495338	0.541579	0.482484	0.237723	0.264093	0.240334	
1.173000000000000043	-0.607272	-5.60826	1.11355	-0.607272	-5.60826	1.11355	0.964319	0.0291376	0.122539	-0.232862	-0.474	0.252581	-0.00090222	-2.11152	-11.4894	4.15369	-0.656577	0.247071	0.836249	0.0612492	0.12999	0.0718154	0.000337542	0.00131254	0.00203373	0.00102429	0.00220698	0.00374538	0.00320042	0.534098	0.575716	0.521736	0.240326	0.270729	0.244379	
1.183000000000000052	-0.628055	-5.72745	1.15898	-0.628055	-5.72745	1.15898	0.963183	0.0321493	0.123512	-0.236624	-0.481333	0.255929	0.00359664	-2.1103	-11.4899	4.16638	-0.683157	0.285027	0.718116	0.0635879	0.132441	0.0738572	0.000469517	0.00144433	0.0023861	0.00125299	0.00285981	0.00434076	0.00375724	0.570161	0.609255	0.558581	0.261413	0.289498	0.260068	
1.19300000000000006	-0.649452	-5.84349	1.20095	-0.649452	-5.84349	1.20095	0.962118	0.0350092	0.124521	-0.239995	-0.487887	0.259308	0.00786016	-2.11275	-11.493	4.1669	-0.646483	0.300201	0.64571	0.0663166	0.135214	0.0763156	0.000701972	0.00158717	0.00325958	0.00164413	0.00383153	0.00607971	0.00436355	0.6042	0.641185	0.593272	0.288621	0.347437	0.272998	
1.203999999999999959	-0.666219	-5.97021	1.24197	-0.666219	-5.97021	1.24197	0.961078	0.0388381	0.125337	-0.243131	-0.493681	0.262817	0.0141943	-2.00918	-11.4993	4.08799	-0.565726	0.32004	0.681645	0.0647591	0.138517	0.0792376	0.00101909	0.00165854	0.00463395	0.00207979	0.00495589	0.00876869	0.00514873	0.497625	0.674104	0.623803	0.295564	0.392291	0.278989	
1.213999999999999968	-0.689041	-6.0893	1.31093	-0.689041	-6.0893	1.31093	0.960298	0.0430426	0.126099	-0.245105	-0.496908	0.266425	0.0216169	-2.05939	-11.5004	4.44174	-0.433885	0.365513	0.761579	0.0657325	0.141686	0.0757819	0.00124057	0.00168084	0.00576021	0.00228604	0.00555507	0.0109442	0.00583164	0.512018	0.702983	0.509998	0.282213	0.407872	0.281205	
1.223999999999999977	-0.709551	-6.2044	1.35467	-0.709551	-6.2044	1.35467	0.959331	0.0472659	0.127284	-0.247483	-0.501023	0.270913	0.0287378	-2.0582	-11.5003	4.43269	-0.415361	0.396025	0.797899	0.0679232	0.145216	0.0777379	0.00160001	0.00176223	0.0072011	0.00290307	0.00707723	0.0137025	0.00698424	0.549437	0.730879	0.546463	0.315163	0.429956	0.285508	
1.233999999999999986	-0.730512	-6.31945	1.39896	-0.730512	-6.31945	1.39896	0.958296	0.0514231	0.127868	-0.250347	-0.50611	0.274244	0.0358824	-2.06221	-11.5004	4.4324	-0.470599	0.365411	0.825587	0.0704499	0.149008	0.0800195	0.00202543	0.00189552	0.00886824	0.00363233	0.00886587	0.0168783	0.00845471	0.584587	0.75775	0.581618	0.333987	0.456362	0.290566	
1.243999999999999995	-0.7464	-6.43039	1.44247	-0.7464	-6.43039	1.44247	0.957328	0.0554934	0.128285	-0.252956	-0.510655	0.277233	0.0430047	-1.9901	-11.4687	4.42315	-0.465389	0.342496	0.822821	0.0704773	0.152046	0.0806689	0.0023929	0.00206565	0.010341	0.00425677	0.0103983	0.0196613	0.00990252	0.539941	0.768194	0.548151	0.33583	0.463618	0.296624	
1.254999999999999893	-0.800375	-6.58176	1.50457	-0.800375	-6.58176	1.50457	0.957632	0.0603066	0.124072	-0.252875	-0.508856	0.271452	0.0547841	-2.40364	-11.6428	4.58376	-0.245424	0.165364	0.814044	0.0680423	0.155218	0.0791569	0.00237977	0.00220252	0.0103582	0.00420519	0.0102013	0.0196094	0.010222	0.460309	0.783245	0.492346	0.306732	0.409805	0.301068	
1.264999999999999902	-0.825887	-6.69916	1.54988	-0.825887	-6.69916	1.54988	0.957145	0.0651875	0.121978	-0.254458	-0.510837	0.269944	0.065113	-2.41995	-11.6503	4.57743	-0.283639	0.104486	0.931404	0.069582	0.159524	0.0808811	0.00262177	0.0022804	0.0115478	0.00480307	0.0114447	0.0219748	0.0111332	0.500492	0.808229	0.530501	0.330993	0.435612	0.291595	
1.274999999999999911	-0.849816	-6.81548	1.59549	-0.849816	-6.81548	1.59549	0.956431	0.0696794	0.121587	-0.256129	-0.513229	0.2716	0.0737719	-2.41708	-11.6492	4.57585	-0.256585	0.123537	0.931682	0.0714483	0.164109	0.08291	0.00298992	0.00241541	0.0131167	0.00556994	0.0131326	0.0250536	0.0124705	0.538664	0.832572	0.566744	0.34877	0.464366	0.289991	
1.28499999999999992	-0.868954	-6.93025	1.64203	-0.868954	-6.93025	1.64203	0.955881	0.0743653	0.119938	-0.257638	-0.515158	0.270912	0.0835069	-2.33156	-11.6342	4.59048	-0.250014	0.078136	0.956746	0.0719317	0.168943	0.0839251	0.00326265	0.00256114	0.0142413	0.00610439	0.0142578	0.027238	0.0135293	0.508558	0.855578	0.552392	0.343683	0.463054	0.295037	
1.294999999999999929	-0.907916	-7.06453	1.69753	-0.907916	-7.06453	1.69753	0.9563	0.080151	0.113928	-0.257142	-0.512404	0.262111	0.0982084	-2.55073	-11.7695	4.69363	-0.128082	-0.0716209	1.08092	0.0705769	0.168954	0.0813929	0.00282846	0.00240976	0.012538	0.0053506	0.0122571	0.0239838	0.0119983	0.44903	0.811714	0.438981	0.280063	0.365065	0.274747	
1.30600000000000005	-0.930939	-7.27285	1.7688	-0.930939	-7.27285	1.7688	0.956476	0.0856555	0.10882	-0.256885	-0.510424	0.254926	0.111783	-2.48318	-12.3416	4.91887	-0.0209933	-0.214356	1.07592	0.0712674	0.150049	0.0811968	0.00241391	0.00217297	0.0110401	0.00480317	0.0107314	0.021207	0.0104756	0.473938	0.534915	0.447183	0.257354	0.296818	0.256057	
1.316000000000000059	-0.954933	-7.39631	1.81878	-0.954933	-7.39631	1.81878	0.956008	0.0902702	0.106977	-0.257791	-0.511242	0.2538	0.121629	-2.47404	-12.3418	4.92648	-0.0211902	-0.195868	1.05154	0.0726205	0.151885	0.0823276	0.00235294	0.0022213	0.0110285	0.00488855	0.0107814	0.0212115	0.0105999	0.512075	0.569834	0.48858	0.266177	0.310579	0.266441	
1.326000000000000068	-0.979622	-7.51928	1.86823	-0.979622	-7.51928	1.86823	0.955467	0.0948904	0.104944	-0.25897	-0.512657	0.252359	0.131506	-2.47398	-12.3388	4.9281	-0.0600212	-0.191699	1.05152	0.0743331	0.153974	0.0837371	0.0023402	0.00225613	0.0110045	0.00494474	0.0107901	0.0211834	0.0106737	0.549159	0.603829	0.527546	0.267099	0.319234	0.268669	
1.336000000000000076	-1.00442	-7.6427	1.91728	-1.00442	-7.6427	1.91728	0.954981	0.10008	0.102283	-0.259873	-0.513397	0.249967	0.1429	-2.47461	-12.339	4.92636	-0.0630311	-0.197625	1.10849	0.0764017	0.156257	0.0854443	0.00231989	0.00227137	0.0109474	0.00498155	0.0107291	0.0211055	0.0106654	0.584372	0.636054	0.564126	0.266353	0.320203	0.267915	
1.346999999999999975	-1.03616	-7.77356	1.97248	-1.03616	-7.77356	1.97248	0.954421	0.105166	0.100281	-0.260701	-0.514024	0.248813	0.153782	-2.5474	-12.2875	4.94668	-0.0374414	-0.159696	1.04435	0.0764307	0.158621	0.0872813	0.00228297	0.00227354	0.0108483	0.00502397	0.0106848	0.0209613	0.0106151	0.527643	0.657419	0.582691	0.26219	0.306	0.265745	
1.356999999999999984	-1.07112	-7.97744	2.05886	-1.07112	-7.97744	2.05886	0.954054	0.110594	0.0969635	-0.261054	-0.513662	0.245209	0.166109	-2.65851	-12.9909	5.42942	-0.00557318	-0.211876	1.14828	0.0777882	0.153871	0.0869381	0.0022521	0.00223144	0.010702	0.00502737	0.0105285	0.0207382	0.0104172	0.543916	0.542465	0.549813	0.248107	0.283068	0.254438	
1.366999999999999993	-1.09952	-8.10816	2.11114	-1.09952	-8.10816	2.11114	0.95356	0.115687	0.0943122	-0.26162	-0.513849	0.242775	0.177385	-2.68873	-12.9937	5.39767	0.0142316	-0.227248	1.13687	0.079866	0.154503	0.0872509	0.00221563	0.00223895	0.0106674	0.00509147	0.0105139	0.0207223	0.0104067	0.574768	0.547852	0.513995	0.257699	0.300211	0.257544	
1.377000000000000002	-1.11101	-8.23596	2.17836	-1.11101	-8.23596	2.17836	0.953101	0.120775	0.0917945	-0.261889	-0.513448	0.240551	0.188659	-2.47698	-13.0001	5.57261	0.046641	-0.214197	1.12963	0.0792106	0.155762	0.0866422	0.00218644	0.00221662	0.010615	0.0051284	0.0104448	0.0206766	0.010326	0.513716	0.571385	0.471879	0.24873	0.299674	0.251652	
1.387000000000000011	-1.13574	-8.38752	2.24905	-1.13574	-8.38752	2.24905	0.952619	0.126292	0.0884778	-0.262184	-0.51312	0.237007	0.20116	-2.46727	-13.2459	5.8077	0.0594131	-0.264513	1.20495	0.0809574	0.156537	0.0872131	0.00215932	0.00221755	0.0105677	0.00517251	0.0103747	0.0206404	0.010269	0.543947	0.571259	0.479608	0.249117	0.291537	0.252946	
1.397999999999999909	-1.16248	-8.53372	2.31341	-1.16248	-8.53372	2.31341	0.952125	0.131591	0.0854652	-0.262371	-0.512647	0.233926	0.213104	-2.46303	-13.2524	5.81541	0.0965626	-0.272657	1.11845	0.0833617	0.158434	0.0887068	0.00212507	0.00224383	0.0105605	0.00525068	0.0103789	0.0206791	0.0102982	0.582819	0.608297	0.523138	0.266209	0.303984	0.263138	
1.407999999999999918	-1.18528	-8.67183	2.36271	-1.18528	-8.67183	2.36271	0.951678	0.136744	0.0824669	-0.262316	-0.511752	0.230747	0.224805	-2.40725	-13.3133	5.66138	0.149299	-0.298703	1.15049	0.0854573	0.159061	0.088408	0.00209684	0.00224206	0.0105226	0.00529509	0.0103176	0.0206606	0.010249	0.600288	0.601454	0.467328	0.255961	0.29239	0.255319	
1.417999999999999927	-1.22058	-8.86897	2.44387	-1.22058	-8.86897	2.44387	0.951255	0.142324	0.0789518	-0.261962	-0.510266	0.226711	0.237664	-2.47236	-14.0376	6.10201	0.216227	-0.382311	1.26399	0.0860635	0.156277	0.0883138	0.00205626	0.00220304	0.0104271	0.00532594	0.0102075	0.0205509	0.0100851	0.56864	0.471429	0.437509	0.237242	0.267318	0.240875	
1.427999999999999936	-1.24566	-9.01142	2.5051	-1.24566	-9.01142	2.5051	0.950716	0.147386	0.0764554	-0.261864	-0.509349	0.224445	0.248946	-2.47701	-14.0585	6.1047	0.203088	-0.322661	1.19248	0.0880631	0.157008	0.0885313	0.00201401	0.00220662	0.0104029	0.00539177	0.010192	0.0205675	0.0100667	0.585227	0.489401	0.423722	0.245373	0.280727	0.246341	
1.437999999999999945	-1.25133	-9.14037	2.57751	-1.25133	-9.14037	2.57751	0.950153	0.153227	0.0729799	-0.261545	-0.508011	0.220621	0.262285	-2.25376	-14.0008	6.25527	0.208082	-0.323623	1.27477	0.0847273	0.156878	0.0883364	0.00199617	0.0023994	0.0105237	0.00546094	0.0101866	0.0208147	0.0103174	0.448576	0.515141	0.430009	0.250904	0.31612	0.275461	
1.449000000000000066	-1.29612	-9.32897	2.6401	-1.29612	-9.32897	2.6401	0.949624	0.15958	0.0686417	-0.26084	-0.505998	0.215276	0.277121	-2.42198	-14.429	6.16169	0.281542	-0.364916	1.33846	0.0853243	0.157117	0.0879457	0.00195222	0.00244846	0.0105364	0.00551949	0.0101255	0.0208974	0.0103001	0.467672	0.508654	0.377438	0.240753	0.297824	0.257827	
1.459000000000000075	-1.34344	-9.52855	2.70803	-1.34344	-9.52855	2.70803	0.949121	0.165052	0.0647121	-0.260267	-0.504464	0.210301	0.28997	-2.59222	-15.1417	6.40655	0.278754	-0.440591	1.33759	0.0825318	0.155684	0.0881442	0.00190427	0.00244973	0.0105132	0.00558648	0.0100927	0.0209202	0.0102431	0.353163	0.443129	0.405265	0.234795	0.281825	0.248287	
1.469000000000000083	-1.36717	-9.67707	2.7754	-1.36717	-9.67707	2.7754	0.948665	0.170813	0.0600344	-0.259332	-0.502371	0.20391	0.303801	-2.6027	-15.1143	6.46677	0.352287	-0.497689	1.33799	0.0829833	0.156122	0.08873	0.00185998	0.00245094	0.0104905	0.00565075	0.010037	0.0209451	0.0101778	0.401098	0.475213	0.448352	0.234288	0.277694	0.242493	
1.479000000000000092	-1.39097	-9.82742	2.8396	-1.39097	-9.82742	2.8396	0.94817	0.176657	0.0557803	-0.258174	-0.499823	0.198292	0.317633	-2.57642	-15.1153	6.44059	0.387418	-0.46955	1.33619	0.0836173	0.15683	0.0894243	0.0018056	0.00245705	0.0105276	0.00571603	0.009977	0.0210841	0.0101501	0.423634	0.509526	0.476037	0.237121	0.289973	0.245314	
1.489000000000000101	-1.40972	-9.97793	2.91575	-1.40972	-9.97793	2.91575	0.947609	0.182442	0.0520101	-0.256998	-0.497233	0.193551	0.331122	-2.4726	-15.1562	6.65746	0.378817	-0.423768	1.3288	0.0842924	0.157702	0.0896063	0.00176006	0.00245074	0.010547	0.00577905	0.00992524	0.021195	0.0100933	0.45561	0.544176	0.45938	0.236488	0.289582	0.243048	
1.5	-1.43508	-10.1428	2.99069	-1.43508	-10.1428	2.99069	0.946959	0.188013	0.0488721	-0.255995	-0.494964	0.189961	0.343859	-2.46526	-15.1448	6.67381	0.33071	-0.354892	1.2053	0.0853603	0.158853	0.0904552	0.0017179	0.0024514	0.0105538	0.00584635	0.0099025	0.0212839	0.0100444	0.497337	0.582261	0.496673	0.241499	0.290034	0.245599	
1.510000000000000009	-1.45829	-10.2956	3.0531	-1.45829	-10.2956	3.0531	0.946399	0.193637	0.0448947	-0.254596	-0.492172	0.184622	0.357141	-2.44628	-15.1819	6.57197	0.401361	-0.375258	1.2741	0.0865815	0.159632	0.0905229	0.00169491	0.00244483	0.0105354	0.00589468	0.00983581	0.0213202	0.00995212	0.532448	0.586154	0.450898	0.236194	0.285154	0.238847	
1.520000000000000018	-1.47686	-10.4768	3.13519	-1.47686	-10.4768	3.13519	0.945788	0.199617	0.0404634	-0.252985	-0.489122	0.178486	0.371359	-2.2797	-15.641	6.87928	0.447618	-0.425125	1.33439	0.0880788	0.159533	0.0909511	0.00164754	0.00242966	0.0105033	0.00595756	0.00977328	0.0213477	0.00984029	0.558966	0.533464	0.458232	0.232987	0.27851	0.233755	
1.530000000000000027	-1.49764	-10.6317	3.20468	-1.49764	-10.6317	3.20468	0.94515	0.205489	0.0359774	-0.25134	-0.486154	0.172153	0.385376	-2.27651	-15.637	6.88166	0.470981	-0.430641	1.33244	0.0898895	0.16061	0.0918828	0.00159521	0.00243198	0.0104957	0.00602689	0.00972242	0.0214164	0.00977317	0.593057	0.568901	0.499065	0.237221	0.282245	0.237358	
1.540000000000000036	-1.51907	-10.7868	3.27381	-1.51907	-10.7868	3.27381	0.944466	0.211077	0.0322881	-0.249775	-0.483249	0.167212	0.398452	-2.27604	-15.6346	6.87763	0.455665	-0.407152	1.29497	0.0920232	0.161878	0.0930508	0.00154539	0.00242883	0.0104835	0.0060913	0.00968038	0.0214753	0.00970476	0.625484	0.602841	0.537046	0.237347	0.282246	0.236591	
1.550999999999999934	-1.52062	-10.9602	3.33265	-1.52062	-10.9602	3.33265	0.943673	0.217153	0.0263916	-0.248257	-0.481231	0.15829	0.413439	-1.87269	-15.7527	6.52545	0.466419	-0.508291	1.28612	0.0938589	0.163208	0.0928528	0.00151738	0.00249021	0.0105048	0.00616722	0.00966444	0.021586	0.00967306	0.616796	0.61724	0.456677	0.247072	0.300014	0.244351	
1.560999999999999943	-1.53161	-11.1672	3.4228	-1.53161	-11.1672	3.4228	0.942713	0.223114	0.0219893	-0.247042	-0.479466	0.152284	0.427501	-1.65842	-16.4314	6.92081	0.421629	-0.493527	1.33034	0.0963184	0.162887	0.0929067	0.00146486	0.00251501	0.0105125	0.00623102	0.00962181	0.0216753	0.0096418	0.638049	0.551523	0.447512	0.242255	0.298104	0.237972	
1.570999999999999952	-1.54622	-11.3321	3.49729	-1.54622	-11.3321	3.49729	0.941814	0.229415	0.0169466	-0.245092	-0.476521	0.144883	0.442624	-1.65129	-16.4425	6.98995	0.515981	-0.451872	1.36537	0.0990948	0.163957	0.0935733	0.00142877	0.00253076	0.0104973	0.0062978	0.00957312	0.0217222	0.00959073	0.665937	0.576412	0.479207	0.241397	0.295108	0.23631	
1.580999999999999961	-1.562	-11.4963	3.56992	-1.562	-11.4963	3.56992	0.940882	0.235304	0.0117797	-0.243384	-0.474322	0.137134	0.456928	-1.65932	-16.4417	7.01756	0.517579	-0.447878	1.32093	0.102212	0.165317	0.0945148	0.0013783	0.00253334	0.0104602	0.00636674	0.00952336	0.0217308	0.00953147	0.694188	0.608244	0.515025	0.240528	0.291448	0.235217	
1.592000000000000082	-1.57952	-11.6757	3.65198	-1.57952	-11.6757	3.65198	0.939767	0.241474	0.00589279	-0.241857	-0.472902	0.128232	0.472082	-1.66933	-16.4333	7.0636	0.477783	-0.454054	1.26286	0.106025	0.167049	0.0958146	0.00132676	0.00254222	0.0104179	0.00643447	0.00946347	0.0217264	0.00948649	0.724206	0.642486	0.552845	0.244982	0.290623	0.239575	
1.602000000000000091	-1.5969	-11.841	3.72442	-1.5969	-11.841	3.72442	0.938846	0.247204	0.000485977	-0.239707	-0.470237	0.119711	0.486215	-1.68093	-16.4424	7.07582	0.561789	-0.466512	1.27965	0.109808	0.16881	0.0972374	0.00127955	0.00254758	0.0103647	0.00649278	0.00939546	0.0216991	0.00943364	0.750043	0.671751	0.585148	0.241877	0.287203	0.235628	
1.612000000000000099	-1.607	-11.9967	3.80181	-1.607	-11.9967	3.80181	0.937735	0.252701	-0.0129227	-0.238136	-0.472618	0.0962668	0.503257	-1.66386	-16.427	7.0981	0.676232	-0.725621	1.37886	0.113661	0.170656	0.0987896	0.00121745	0.00255966	0.010076	0.00654146	0.00915442	0.0212316	0.00936853	0.773192	0.699201	0.613474	0.23901	0.278107	0.233929	
1.622000000000000108	-1.61403	-12.1588	3.87616	-1.61403	-12.1588	3.87616	0.936465	0.258592	-0.0214692	-0.236027	-0.472023	0.0819512	0.519126	-1.58228	-16.4591	7.10149	0.667932	-0.709608	1.35398	0.117484	0.172498	0.100093	0.00108982	0.00255436	0.00995794	0.00659625	0.00898985	0.0210986	0.00931508	0.79215	0.722546	0.636658	0.235075	0.274241	0.231368	
1.631999999999999895	-1.61885	-12.3238	3.94802	-1.61885	-12.3238	3.94802	0.935262	0.264202	-0.0285144	-0.233818	-0.470743	0.0702718	0.533774	-1.48425	-16.4983	7.08156	0.654501	-0.713021	1.33084	0.121354	0.17448	0.10202	0.00101968	0.00256963	0.00987471	0.00664715	0.00888114	0.0210202	0.00928081	0.808427	0.742972	0.660417	0.231825	0.268198	0.230002	
1.643000000000000016	-1.62851	-12.5069	4.02303	-1.62851	-12.5069	4.02303	0.934076	0.269463	-0.0348183	-0.231691	-0.469465	0.0598542	0.547393	-1.42673	-16.5284	7.0465	0.603569	-0.633683	1.18044	0.12579	0.176933	0.104439	0.000962985	0.00258318	0.00980465	0.00670429	0.00880825	0.0209694	0.00924463	0.825299	0.765987	0.68497	0.23614	0.267121	0.23462	
1.653000000000000025	-1.6265	-12.6699	4.09716	-1.6265	-12.6699	4.09716	0.932839	0.27483	-0.0411191	-0.229328	-0.467888	0.0493576	0.561257	-1.30621	-16.5347	7.07158	0.66648	-0.63732	1.27674	0.129953	0.179353	0.106885	0.000934254	0.0025951	0.00974757	0.00675132	0.00872046	0.020946	0.00918943	0.839247	0.786263	0.706256	0.233481	0.263787	0.231222	
1.663000000000000034	-1.61485	-12.8287	4.17052	-1.61485	-12.8287	4.17052	0.931494	0.280142	-0.0476097	-0.227102	-0.466873	0.0385545	0.575111	-1.12832	-16.5223	7.08425	0.668771	-0.681863	1.31456	0.134124	0.181986	0.109533	0.000897504	0.00260922	0.00970072	0.00681461	0.00865895	0.0209449	0.00915932	0.851426	0.805905	0.725575	0.235576	0.266875	0.231983	
1.673000000000000043	-1.60728	-12.992	4.24711	-1.60728	-12.992	4.24711	0.930248	0.285026	-0.0538314	-0.224727	-0.465607	0.0279564	0.588003	-0.997372	-16.5362	7.12842	0.673483	-0.656974	1.23538	0.138292	0.184791	0.112344	0.000865537	0.00262846	0.00964922	0.00687152	0.00859627	0.0209301	0.00913775	0.86217	0.824321	0.742862	0.235825	0.265345	0.23187	
1.683000000000000052	-1.6017	-13.1582	4.31683	-1.6017	-13.1582	4.31683	0.928982	0.289741	-0.059914	-0.222381	-0.464486	0.0175485	0.600509	-0.887514	-16.5626	7.11447	0.692488	-0.68539	1.2216	0.142481	0.187905	0.115817	0.000849443	0.00268238	0.00960701	0.00692286	0.00853828	0.020933	0.00914532	0.87245	0.843258	0.764568	0.23676	0.270437	0.23789	
1.69399999999999995	-1.62688	-13.346	4.37643	-1.62688	-13.346	4.37643	0.927669	0.294562	-0.065208	-0.220029	-0.463029	0.00864141	0.612882	-1.05417	-16.5927	6.92901	0.595748	-0.590716	1.13491	0.11491	0.188981	0.11831	0.000828038	0.00271356	0.00955366	0.0069695	0.00842535	0.0209305	0.00914215	0.421713	0.846812	0.763172	0.241225	0.270179	0.242481	
1.703999999999999959	-1.64452	-13.6097	4.51277	-1.64452	-13.6097	4.51277	0.925979	0.299989	-0.0696367	-0.218453	-0.462679	0.00210311	0.626104	-1.05423	-17.4168	7.60455	0.560116	-0.529983	1.22965	0.112037	0.17741	0.108538	0.000801708	0.00267809	0.00949809	0.00700938	0.00834218	0.0208954	0.00909317	0.42388	0.601339	0.543489	0.230992	0.266296	0.23807	
1.713999999999999968	-1.6452	-13.7809	4.59339	-1.6452	-13.7809	4.59339	0.924727	0.304151	-0.0747452	-0.216301	-0.46175	-0.00666165	0.637093	-1.03228	-17.3888	7.6666	0.584331	-0.535404	1.12509	0.11158	0.177042	0.107623	0.000795934	0.00266193	0.00943986	0.00705967	0.00829658	0.0208561	0.00905949	0.411684	0.573754	0.506342	0.228247	0.26053	0.233797	
1.723999999999999977	-1.6496	-13.9958	4.68005	-1.6496	-13.9958	4.68005	0.923483	0.308187	-0.0804135	-0.213855	-0.460738	-0.0167072	0.64812	-0.994094	-17.8196	7.83049	0.649887	-0.603478	1.13575	0.111954	0.175319	0.108495	0.000791297	0.00266479	0.00940128	0.00709985	0.00821985	0.0208574	0.00902984	0.450752	0.50639	0.528974	0.226368	0.255554	0.230929	
1.733999999999999986	-1.6623	-14.1705	4.76424	-1.6623	-14.1705	4.76424	0.922058	0.312601	-0.0848402	-0.21188	-0.459948	-0.0239895	0.659345	-1.01955	-17.7951	7.88613	0.530809	-0.550534	1.08191	0.112739	0.176026	0.109742	0.000796552	0.00268188	0.00937729	0.00714842	0.00817929	0.0208863	0.00902897	0.489225	0.533826	0.55648	0.229305	0.258695	0.230859	
1.745000000000000107	-1.66224	-14.3737	4.84299	-1.66224	-14.3737	4.84299	0.921019	0.315958	-0.0916101	-0.208587	-0.458289	-0.0369482	0.669563	-0.980236	-17.8466	7.83982	0.747827	-0.634046	1.02117	0.113616	0.177161	0.111463	0.000804316	0.00270761	0.00932997	0.00718989	0.00809856	0.0208784	0.00901496	0.528495	0.569758	0.58827	0.234542	0.260455	0.236605	
1.754999999999999893	-1.662	-14.5535	4.91515	-1.662	-14.5535	4.91515	0.920098	0.318767	-0.0970591	-0.205885	-0.456982	-0.0473668	0.678032	-0.961267	-17.8454	7.8136	0.727914	-0.645412	0.957604	0.114615	0.178341	0.113218	0.000808857	0.00270606	0.00929678	0.00722184	0.00801005	0.0208785	0.00899554	0.561503	0.60043	0.615153	0.229582	0.257721	0.231465	
1.764999999999999902	-1.66891	-14.7347	4.98957	-1.66891	-14.7347	4.98957	0.919093	0.321701	-0.102785	-0.203009	-0.455653	-0.0583557	0.686919	-1.02181	-17.8388	7.81367	0.768621	-0.654553	0.959184	0.114616	0.179477	0.114692	0.000817858	0.0026905	0.0092641	0.00724853	0.00791583	0.0208745	0.00896637	0.507264	0.622833	0.625591	0.227484	0.253838	0.229798	
1.774999999999999911	-1.67535	-14.9135	5.06989	-1.67535	-14.9135	5.06989	0.918146	0.324418	-0.107982	-0.200254	-0.454279	-0.0684075	0.695112	-1.10105	-17.8272	7.86782	0.753488	-0.643303	0.907169	0.115364	0.17791	0.116589	0.000836746	0.00269037	0.00923721	0.00728012	0.00784112	0.0208842	0.00895315	0.530576	0.52206	0.638453	0.226184	0.252165	0.228821	
1.78499999999999992	-1.68445	-15.1008	5.13748	-1.68445	-15.1008	5.13748	0.917096	0.327276	-0.113597	-0.197286	-0.452918	-0.0793084	0.703831	-1.1662	-17.8699	7.77756	0.785404	-0.645532	0.924846	0.115284	0.178872	0.118743	0.000877289	0.00272516	0.00923801	0.00731676	0.00780283	0.0209366	0.0089945	0.474418	0.556688	0.661038	0.23383	0.269485	0.238078	
1.796000000000000041	-1.70262	-15.3187	5.24051	-1.70262	-15.3187	5.24051	0.915878	0.330546	-0.118426	-0.194635	-0.451723	-0.0883715	0.713034	-1.29845	-18.1332	7.99528	0.666877	-0.595863	0.872104	0.114351	0.179367	0.117278	0.000921646	0.00272969	0.00926661	0.0073637	0.00779997	0.0210431	0.00899792	0.406148	0.555804	0.585881	0.244451	0.286485	0.244198	
1.80600000000000005	-1.71738	-15.5331	5.34548	-1.71738	-15.5331	5.34548	0.914749	0.333878	-0.121847	-0.19213	-0.449834	-0.0947645	0.721636	-1.34623	-18.5844	8.31663	0.610695	-0.460492	0.879507	0.114655	0.179409	0.11845	0.000956566	0.00274212	0.00926638	0.00739087	0.00777106	0.0210875	0.00901367	0.434312	0.529059	0.590305	0.238606	0.28462	0.240081	
1.816000000000000059	-1.71329	-15.7363	5.43027	-1.71329	-15.7363	5.43027	0.91387	0.336269	-0.127196	-0.188651	-0.447561	-0.105803	0.729272	-1.27117	-18.684	8.30641	0.766633	-0.457393	0.850305	0.115131	0.180228	0.120056	0.000963714	0.00274286	0.00915705	0.00740954	0.00761899	0.0209803	0.00897068	0.468479	0.556612	0.612992	0.230979	0.263872	0.233941	
1.826000000000000068	-1.72615	-15.9296	5.51532	-1.72615	-15.9296	5.51532	0.9131	0.338342	-0.131744	-0.185517	-0.445381	-0.11531	0.735852	-1.31581	-18.7134	8.31417	0.798645	-0.531522	0.755472	0.115939	0.181135	0.121919	0.00100945	0.00274736	0.00916136	0.00744495	0.0075983	0.0210466	0.00895206	0.506091	0.584422	0.634808	0.234653	0.275568	0.232952	
1.836000000000000076	-1.73143	-16.1306	5.58304	-1.73143	-16.1306	5.58304	0.912328	0.340459	-0.136983	-0.18161	-0.442364	-0.126623	0.742851	-1.33352	-18.8323	8.16144	0.9418	-0.542088	0.780715	0.116872	0.182177	0.123842	0.00103998	0.00275091	0.00911506	0.00746151	0.00749214	0.0210299	0.00892723	0.540543	0.611011	0.654763	0.228359	0.261003	0.230262	
1.846999999999999975	-1.75397	-16.3429	5.66371	-1.75397	-16.3429	5.66371	0.911263	0.342688	-0.142131	-0.178789	-0.441458	-0.136928	0.750166	-1.47018	-18.8556	8.03789	0.754274	-0.602574	0.675707	0.116346	0.183458	0.125365	0.00109789	0.00275547	0.00912167	0.00749409	0.00745408	0.0210927	0.00893478	0.456488	0.638813	0.654147	0.236996	0.272086	0.236234	
1.856999999999999984	-1.7726	-16.5748	5.7763	-1.7726	-16.5748	5.7763	0.910335	0.344662	-0.146449	-0.176211	-0.440385	-0.145684	0.756526	-1.5592	-19.4839	8.46903	0.682026	-0.554714	0.638615	0.116238	0.183391	0.126405	0.0011379	0.00277579	0.00910481	0.00751025	0.00740271	0.0210984	0.00896931	0.424178	0.574626	0.630018	0.228678	0.268468	0.231242	
1.866999999999999993	-1.78566	-16.7752	5.87852	-1.78566	-16.7752	5.87852	0.909385	0.346479	-0.151969	-0.172854	-0.438887	-0.157263	0.76319	-1.55104	-19.5894	8.66425	0.827985	-0.630114	0.680953	0.116787	0.184202	0.128457	0.00119981	0.00283655	0.0091221	0.00754064	0.00742346	0.0211701	0.00904869	0.455652	0.56683	0.635555	0.236562	0.278433	0.236158	
1.877000000000000002	-1.80123	-16.9649	5.978	-1.80123	-16.9649	5.978	0.908914	0.347574	-0.156017	-0.169493	-0.436102	-0.166559	0.767482	-1.60513	-19.5269	8.7259	0.868405	-0.588648	0.557777	0.117517	0.185202	0.130426	0.00124684	0.00283276	0.00907695	0.00755287	0.00732713	0.0211437	0.00902334	0.494092	0.592682	0.653841	0.234575	0.269475	0.232289	
1.887000000000000011	-1.81779	-17.1595	6.06785	-1.81779	-17.1595	6.06785	0.908138	0.348401	-0.16236	-0.165966	-0.434985	-0.18022	0.772583	-1.63647	-19.4975	8.77521	0.970835	-0.739258	0.555118	0.118443	0.186398	0.13265	0.00129798	0.00285864	0.009097	0.00756291	0.0072665	0.0212223	0.00905562	0.529872	0.619345	0.671375	0.239299	0.277954	0.233816	
1.897999999999999909	-1.84768	-17.3768	6.15728	-1.84768	-17.3768	6.15728	0.907318	0.349209	-0.168511	-0.162575	-0.434052	-0.193445	0.777591	-1.885	-19.4896	8.71027	0.913752	-0.764388	0.513831	0.118677	0.187815	0.134818	0.00137659	0.00289128	0.00908918	0.00757507	0.00720483	0.0212401	0.00911686	0.473715	0.646179	0.674916	0.241943	0.27889	0.238091	
1.907999999999999918	-1.86087	-17.6113	6.27596	-1.86087	-17.6113	6.27596	0.906691	0.349848	-0.173407	-0.159526	-0.432707	-0.204251	0.781542	-1.84886	-20.0665	9.17731	0.839239	-0.663289	0.456226	0.11933	0.188056	0.136463	0.00143698	0.00292268	0.00907785	0.00758191	0.00714568	0.0212471	0.00917769	0.491835	0.593104	0.662412	0.236149	0.276898	0.233574	
1.917999999999999927	-1.88109	-17.8053	6.38277	-1.88109	-17.8053	6.38277	0.906171	0.350023	-0.179013	-0.155864	-0.430792	-0.21702	0.784883	-1.92371	-19.9834	9.30908	0.956576	-0.700653	0.407274	0.120382	0.189438	0.139181	0.00150057	0.002992	0.00907413	0.00759889	0.00715613	0.0212789	0.00926689	0.527136	0.621078	0.681989	0.242839	0.2803	0.236761	
1.927999999999999936	-1.89963	-18.0079	6.47447	-1.89963	-18.0079	6.47447	0.905871	0.349871	-0.1841	-0.151974	-0.427957	-0.2292	0.787168	-1.91999	-19.9994	9.2948	1.03013	-0.675452	0.327286	0.121686	0.191143	0.142469	0.00162369	0.00322906	0.00914521	0.00769512	0.00773821	0.0213798	0.00953425	0.563686	0.652113	0.710218	0.269148	0.325559	0.280409	
1.937999999999999945	-1.92991	-18.2072	6.56258	-1.92991	-18.2072	6.56258	0.905773	0.350147	-0.187989	-0.147091	-0.422277	-0.239837	0.789396	-2.13793	-19.9936	9.20764	1.0902	-0.543281	0.336226	0.122168	0.192939	0.145422	0.00170527	0.00332417	0.00924697	0.00773472	0.00822484	0.0214997	0.00956995	0.510573	0.679976	0.723468	0.253534	0.340573	0.264269	
1.949000000000000066	-1.95283	-18.4506	6.70142	-1.95283	-18.4506	6.70142	0.905342	0.350806	-0.191709	-0.14332	-0.41869	-0.24914	0.792536	-2.14598	-20.4062	9.65121	0.881788	-0.421641	0.323836	0.121677	0.189396	0.136618	0.00176232	0.00324416	0.00931777	0.00776466	0.00854409	0.0215816	0.00943782	0.420126	0.562227	0.557531	0.246446	0.33943	0.267243	
1.959000000000000075	-1.98351	-18.6714	6.86124	-1.98351	-18.6714	6.86124	0.904549	0.351552	-0.196347	-0.140187	-0.417237	-0.25955	0.796609	-2.25375	-20.8478	10.3097	0.84189	-0.441029	0.315243	0.121682	0.187087	0.131429	0.00171735	0.00305328	0.00910858	0.0076421	0.0073942	0.0214288	0.00924221	0.426295	0.477865	0.485905	0.235707	0.293579	0.251571	
1.969000000000000083	-2.00178	-18.8873	6.96237	-2.00178	-18.8873	6.96237	0.904301	0.350927	-0.201125	-0.136531	-0.414592	-0.271244	0.797733	-2.1998	-20.8901	10.3287	0.933498	-0.483956	0.21022	0.122406	0.187598	0.13224	0.00176852	0.00312886	0.00906538	0.00764513	0.0072725	0.0214231	0.00931601	0.466858	0.510231	0.521131	0.241065	0.296631	0.25202	
1.979000000000000092	-2.01544	-19.1062	7.06097	-2.01544	-19.1062	7.06097	0.904099	0.350252	-0.205972	-0.132307	-0.41094	-0.283541	0.798676	-2.09251	-20.9639	10.3055	1.03215	-0.480374	0.168204	0.123307	0.188369	0.133444	0.00182297	0.00315426	0.00904947	0.0076327	0.00718658	0.0214352	0.00933444	0.505578	0.545753	0.556359	0.23628	0.292618	0.241615	
1.989000000000000101	-2.02723	-19.3272	7.15488	-2.02723	-19.3272	7.15488	0.904075	0.348611	-0.210958	-0.128912	-0.408729	-0.295861	0.797812	-2.0006	-21.0265	10.2729	0.985386	-0.524558	0.0658015	0.124399	0.189332	0.134914	0.00191312	0.00333803	0.00911307	0.00769547	0.00769091	0.0215126	0.0095167	0.542531	0.580167	0.590324	0.246572	0.313931	0.259558	
2	-2.03861	-19.5708	7.25697	-2.03861	-19.5708	7.25697	0.903922	0.346307	-0.216959	-0.126216	-0.408633	-0.309738	0.796411	-1.89256	-21.0958	10.2293	0.892841	-0.600639	-0.00983925	0.125836	0.190603	0.136826	0.00199849	0.00355431	0.00922583	0.00775298	0.00826494	0.0216317	0.00973264	0.580525	0.616135	0.625792	0.25043	0.324463	0.264112	
2.009999999999999787	-2.04961	-19.7914	7.34779	-2.04961	-19.7914	7.34779	0.904121	0.34412	-0.222345	-0.121306	-0.40372	-0.324216	0.794278	-1.8261	-21.147	10.1729	1.17485	-0.621692	-0.0122199	0.127385	0.19193	0.138796	0.00206921	0.00391614	0.00941722	0.00790897	0.00937876	0.0218428	0.00995271	0.613402	0.64713	0.656342	0.258298	0.355865	0.286585	
2.020000000000000018	-2.07062	-20.0122	7.43247	-2.07062	-20.0122	7.43247	0.904401	0.342353	-0.226647	-0.11613	-0.397355	-0.336774	0.792168	-1.95492	-21.1879	10.0264	1.2298	-0.550982	-0.0156962	0.126515	0.192548	0.138659	0.00215293	0.00438541	0.00970859	0.00815441	0.0109109	0.0221368	0.0101692	0.466722	0.659579	0.638818	0.256225	0.387188	0.299106	
2.029999999999999805	-2.08574	-20.2919	7.5482	-2.08574	-20.2919	7.5482	0.904387	0.340291	-0.231581	-0.112504	-0.394474	-0.349374	0.790269	-2.00263	-22.0275	10.4041	1.10768	-0.560573	-0.0263557	0.127008	0.191028	0.137122	0.00222371	0.00457312	0.0098526	0.00819679	0.0113465	0.0223247	0.0102985	0.445331	0.529883	0.549047	0.238027	0.37661	0.281733	
2.040000000000000036	-2.11149	-20.5089	7.68376	-2.11149	-20.5089	7.68376	0.904499	0.338653	-0.235683	-0.107938	-0.389088	-0.361034	0.788395	-2.08837	-22.0684	10.7689	1.17017	-0.526754	-0.0709035	0.127762	0.191607	0.135416	0.00227239	0.00466133	0.00984578	0.00815183	0.0111778	0.0223732	0.0103891	0.475453	0.552931	0.504194	0.237728	0.343498	0.274632	
2.051000000000000156	-2.12615	-20.7614	7.79038	-2.12615	-20.7614	7.79038	0.904784	0.337444	-0.238762	-0.102443	-0.381019	-0.371398	0.78638	-2.01816	-22.1	10.7176	1.13037	-0.408239	-0.0475499	0.128528	0.192784	0.136602	0.00234545	0.00480855	0.00991534	0.00821169	0.0115696	0.0224692	0.0105058	0.456992	0.589736	0.54223	0.246214	0.341895	0.275743	
2.060999999999999943	-2.16338	-20.9664	7.96776	-2.16338	-20.9664	7.96776	0.904527	0.334707	-0.245529	-0.0976098	-0.377283	-0.388536	0.783908	-2.21912	-22.1703	11.5193	1.41679	-0.624717	-0.00164814	0.129509	0.193953	0.135407	0.00238846	0.00491763	0.00992013	0.00819184	0.011473	0.0225822	0.01065	0.491082	0.622338	0.497427	0.252119	0.322861	0.291317	
2.071000000000000174	-2.1863	-21.1875	8.08452	-2.1863	-21.1875	8.08452	0.904573	0.332121	-0.250985	-0.0919252	-0.370586	-0.4039	0.780472	-2.2223	-22.1714	11.5342	1.47596	-0.620913	-0.0456725	0.130762	0.195451	0.136365	0.00249583	0.00533824	0.0101036	0.00839301	0.0124952	0.0227657	0.0109943	0.530178	0.653678	0.534623	0.261261	0.354768	0.312446	
2.080999999999999961	-2.209	-21.4091	8.201	-2.209	-21.4091	8.201	0.905204	0.328435	-0.255744	-0.0856417	-0.361426	-0.41889	0.773751	-2.22474	-22.1743	11.5476	1.57563	-0.535121	-0.193955	0.132213	0.197147	0.137552	0.0025812	0.00592001	0.0104348	0.00869857	0.0139678	0.0231247	0.0114026	0.566637	0.683577	0.57062	0.263753	0.387806	0.333516	
2.092000000000000082	-2.23333	-21.6535	8.32762	-2.23333	-21.6535	8.32762	0.905616	0.325049	-0.260409	-0.0799519	-0.353361	-0.433097	0.767726	-2.22638	-22.176	11.5467	1.45182	-0.491193	-0.221063	0.134053	0.199257	0.139109	0.00266326	0.00676672	0.0109648	0.00917252	0.0160187	0.0237058	0.0120174	0.604211	0.715023	0.607951	0.267914	0.42097	0.359096	
2.101999999999999869	-2.25581	-21.8756	8.44172	-2.25581	-21.8756	8.44172	0.905802	0.322339	-0.264541	-0.0750907	-0.346624	-0.445417	0.763023	-2.23404	-22.175	11.5263	1.35189	-0.480435	-0.200456	0.13559	0.200824	0.139551	0.00272131	0.00770983	0.0115908	0.00974707	0.0182508	0.0244127	0.0127276	0.573306	0.727855	0.595015	0.263043	0.446757	0.379821	
2.112000000000000099	-2.29436	-22.1278	8.60286	-2.29436	-22.1278	8.60286	0.906241	0.319926	-0.267694	-0.0686828	-0.335869	-0.456984	0.757543	-2.48487	-22.6653	12.2292	1.43107	-0.391658	-0.236279	0.137376	0.202574	0.139576	0.00277357	0.00747228	0.0112708	0.00938262	0.0169011	0.0241564	0.0127442	0.593875	0.725042	0.549628	0.24563	0.382321	0.338168	
2.121999999999999886	-2.31921	-22.3544	8.72515	-2.31921	-22.3544	8.72515	0.90656	0.316796	-0.271668	-0.0631391	-0.327211	-0.469637	0.75131	-2.48487	-22.6653	12.2292	1.43107	-0.391658	-0.236279	0.139486	0.20495	0.140971	0.00293238	0.00839718	0.0119255	0.0098382	0.0186339	0.025095	0.0139686	0.626648	0.752121	0.584886	0.316756	0.431473	0.392884	
2.132000000000000117	-2.32951	-22.5739	8.84753	-2.32951	-22.5739	8.84753	0.904628	0.320727	-0.274015	-0.0614046	-0.328229	-0.473917	0.761363	-2.18502	-22.555	12.2849	0.837592	-0.463885	0.217691	0.141297	0.206812	0.141881	0.00290293	0.00872521	0.0119026	0.0102173	0.019669	0.0247689	0.0140157	0.590113	0.761599	0.588724	0.26153	0.405041	0.376026	
2.142999999999999794	-2.30752	-22.9809	8.95324	-2.30752	-22.9809	8.95324	0.902395	0.324546	-0.277539	-0.0578294	-0.326846	-0.481786	0.771461	-1.94019	-23.9092	12.114	0.873283	-0.388163	0.544354	0.138877	0.201873	0.141311	0.00287842	0.0033963	0.00903927	0.00764053	0.00903256	0.0217795	0.0101149	0.491111	0.605691	0.596648	0.252594	0.349154	0.315785	
2.153000000000000025	-2.38966	-23.1822	9.15751	-2.38966	-23.1822	9.15751	0.903017	0.324687	-0.277299	-0.0478963	-0.306724	-0.488962	0.767411	-2.45692	-23.8172	12.7918	1.35589	0.091542	0.523031	0.138087	0.201494	0.138362	0.00292034	0.00350569	0.00900942	0.00761575	0.00896396	0.0218308	0.0100761	0.480684	0.610042	0.521977	0.238724	0.293053	0.278812	
